0.497162
0.092085
0.080342
0.067912
0.064558
0.059022
0.091999
0.054993
0.056197
0.062668
0.055953
0.05579
0.063321
0.057414
0.056008
0.056573
0.056785
0.05686
0.058091
0.054816
0.05608
0.058004
0.058658
0.059612
0.056643
0.058878
0.055448
0.054477
0.059568
0.069094
0.059206
0.055181
0.055091
0.05867
0.082605
0.057458
0.076654
0.065729
0.078332
0.061581
0.059454
0.055182
0.059605
0.056775
0.055232
0.056297
0.057535
0.057685
0.066631
0.070189
0.06052
0.055797
0.055102
0.059609
0.06105
0.06171
0.05643
0.059722
0.057487
0.057205
0.059693
0.057922
0.072281
0.064821
0.06254
0.055727
0.061326
0.058183
0.065925
0.071628
0.084034
0.062297
0.060496
0.058092
0.077099
0.059917
0.06018
0.064733
0.059145
0.060864
0.058618
0.061442
0.060468
0.058103
0.086435
0.077096
0.064319
0.088469
0.061853
0.056234
0.06029
0.057923
0.064191
0.064264
0.062547
0.06369
0.057251
0.058962
0.064537
0.059636
0.060878
0.058325
0.062317
0.059333
0.057634
0.064719
0.060219
0.059171
0.058794
0.0607
0.060661
0.060197
0.057765
0.053732
0.06141
0.060446
0.058247
0.070064
0.066815
0.063984
0.063948
0.057469
0.057031
0.058366
0.06688
0.062246
0.062983
0.054899
0.062863
0.059935
0.060579
0.060991
0.063387
0.064925
0.068292
0.059648
0.060815
0.05804
0.060914
0.058408
0.05633
0.065845
0.07598
0.060162
0.065396
0.063713
0.077353
0.064522
0.062802
0.058056
0.09766
0.063441
0.061274
0.056578
0.063494
0.061541
0.05948
0.05967
0.062877
0.061215
0.063334
0.0609
0.060706
0.056737
0.062236
0.05992
0.064511
0.059863
0.056664
0.063806
0.05841
0.058614
0.06139
0.057806
0.057623
0.06728
0.059959
0.071711
0.059246
0.063754
0.057757
0.058885
0.059633
0.057387
0.070062
0.063793
0.056227
0.060449
0.059991
0.060935
0.059736
0.05948
0.06523
0.056671
0.061262
0.056841
0.061995
0.062535
0.061704
0.061745
0.056528
0.064822
0.057382
0.059759
0.065142
0.082044
0.062002
0.061468
0.061405
0.064116
0.061588
0.065209
0.064929
0.061681
0.061226
0.064077
0.060413
0.061366
0.057806
0.061279
0.056373
0.05676
0.064141
0.064943
0.062026
0.065461
0.06831
0.064117
0.060417
0.060396
0.063386
0.060598
0.059123
0.063249
0.058267
0.066897
0.058263
0.066076
0.060817
0.064316
0.059016
0.061334
0.058867
0.066155
0.062887
0.058313
0.057653
0.065333
0.062402
0.061846
0.062975
0.05526
0.057058
0.062552
0.055665
0.055645
0.062152
0.057034
0.055236
0.060354
0.07011
0.072738
0.063633
0.059832
0.070509
0.06251
0.065399
0.060789
0.056953
0.058471
0.058364
0.055458
0.059642
0.05839
0.063279
0.056951
0.062091
0.056594
0.057387
0.069256
0.059007
0.056399
0.05492
0.061562
0.057099
0.055411
0.05621
0.059863
0.057992
0.059781
0.058143
0.063879
0.056784
0.056009
0.057986
0.056525
0.057999
0.055411
0.054514
0.055658
0.061555
0.060206
0.055472
0.056486
0.060743
0.076529
0.067094
0.064898
0.05833
0.061447
0.058761
0.059228
0.058829
0.064704
0.059474
0.059062
0.063485
0.070351
0.071963
0.062096
0.066192
0.063716
0.061677
0.059868
0.057838
0.087236
0.062558
0.059173
0.062222
0.057909
0.060411
0.062537
0.059698
0.059711
0.059605
0.064503
0.065381
0.063692
0.068015
0.056806
0.068649
0.077322
0.066328
0.065479
0.059323
0.063853
0.057846
0.063416
0.059333
0.060005
0.064504
0.059476
0.062227
0.058249
0.059958
0.058193
0.063716
0.05852
0.061309
0.064942
0.060863
0.059386
0.062355
0.061453
0.060643
0.059241
0.057897
0.0701
0.06394
0.056158
0.0624
0.069629
0.064537
0.060258
0.061364
0.055504
0.058636
0.055184
0.05715
0.069198
0.065302
0.063811
0.058154
0.058126
0.079952
0.065908
0.060115
0.061879
0.055921
0.060774
0.078694
0.0687
0.068032
0.061023
0.060443
0.055533
0.058192
0.060244
0.067126
0.067907
0.070063
0.058161
0.057053
0.059763
0.060337
0.055963
0.060228
0.056044
0.058675
0.068489
0.062932
0.065803
0.06012
0.060501
0.059656
0.062399
0.063647
0.064627
0.065459
0.058257
0.061419
0.068977
0.061463
0.057073
0.061931
0.058433
0.061918
0.06057
0.061965
0.061395
0.058426
0.059399
0.061098
0.06239
0.056906
0.060953
0.059958
0.063388
0.057579
0.058033
0.057014
0.060358
0.069297
0.080557
0.063873
0.065744
0.063553
0.058446
0.058869
0.06436
0.062535
0.059199
0.057545
0.059712
0.064051
0.058681
0.059732
0.056851
0.065522
0.059527
0.059273
0.064942
0.064567
0.062891
0.059872
0.06187
0.061625
0.062827
0.063738
0.055702
0.067084
0.060111
0.053605
0.059045
0.061753
0.05802
0.062959
0.056496
0.059941
0.063072
0.061001
0.056438
0.064772
0.058132
0.064633
0.058404
0.059613
0.065047
0.064018
0.064811
0.056758
0.055568
0.062675
0.067113
0.059395
0.062494
0.058042
0.060996
0.057995
0.060204
0.069066
0.069517
0.06103
0.074506
0.059895
0.058984
0.059773
0.057708
0.057662
0.054998
0.057816
0.060063
0.056507
0.055598
0.060066
0.057571
0.060836
0.056439
0.065284
0.060072
0.063136
0.0576
0.067047
0.066685
0.065432
0.062114
0.057842
0.058601
0.061988
0.066312
0.059682
0.056809
0.058378
0.060195
0.056339
0.055562
0.060009
0.059014
0.058471
0.055999
0.058143
0.069919
0.070373
0.064127
0.069688
0.055906
0.072769
0.059771
0.059694
0.061204
0.060171
0.054582
0.059817
0.056962
0.0624
0.058619
0.059631
0.057203
0.058041
0.063197
0.062177
0.062631
0.060454
0.085027
0.062165
0.06224
0.0542
0.056577
0.05687
0.062923
0.069116
0.066722
0.059628
0.061729
0.059737
0.061438
0.065068
0.065923
0.063964
0.063667
0.057556
0.059379
0.062259
0.059138
0.060986
0.060193
0.061684
0.069416
0.066811
0.060497
0.061444
0.05683
0.063189
0.06625
0.058692
0.056544
0.055253
0.061663
0.064262
0.060652
0.058583
0.058613
0.055677
0.058781
0.057339
0.060808
0.057085
0.067915
0.058834
0.060583
0.059345
0.069559
0.073878
0.06717
0.065997
0.061149
0.054828
0.062332
0.063757
0.06154
0.061032
0.058469
0.057604
0.075345
0.065961
0.062141
0.061053
0.061962
0.059845
0.061713
0.061859
0.062141
0.056004
0.062219
0.061631
0.063516
0.06452
0.064679
0.062366
0.059819
0.057455
0.057957
0.06273
0.057707
0.066666
0.0559
0.064206
0.061073
0.063186
0.059767
0.058684
0.064386
0.058899
0.059717
0.061898
0.055738
0.068422
0.062837
0.059842
0.054944
0.056368
0.060373
0.065082
0.062061
0.056567
0.058403
0.066554
0.070544
0.073418
0.066808
0.06346
0.062779
0.063739
0.063773
0.061519
0.056274
0.059154
0.058663
0.059658
0.055952
0.056769
0.060548
0.057021
0.068037
0.060455
0.05704
0.059793
0.060588
0.056719
0.060608
0.060073
0.056605
0.056076
0.058657
0.056361
0.055852
0.064616
0.070375
0.069613
0.069825
0.062924
0.060286
0.065161
0.057631
0.060474
0.058746
0.055717
0.054853
0.063736
0.062915
0.068774
0.06697
0.059275
0.068544
0.063062
0.057512
0.059051
0.065256
0.057075
0.056177
0.058062
0.05818
0.055513
0.056273
0.05657
0.057261
0.06017
0.061311
0.056374
0.058226
0.057091
0.058487
0.056214
0.061551
0.065625
0.057929
0.056781
0.056467
0.060914
0.06642
0.08191
0.065338
0.062643
0.082065
0.066229
0.060073
0.055019
0.06446
0.058598
0.062213
0.063858
0.062511
0.05877
0.061034
0.066605
0.059118
0.060922
0.061465
0.063188
0.063186
0.059216
0.058837
0.059883
0.063984
0.068231
0.069612
0.062502
0.06497
0.054795
0.061938
0.062443
0.060312
0.05984
0.061145
0.060312
0.058519
0.062145
0.062182
0.056296
0.062104
0.065484
0.056436
0.060715
0.057173
0.054746
0.059891
0.071528
0.067042
0.076428
0.062711
0.061839
0.064781
0.057923
0.061618
0.061058
0.060504
0.063519
0.05539
0.065125
0.059016
0.066737
0.059742
0.07661
0.058707
0.060296
0.058051
0.064533
0.056503
0.061626
0.05637
0.062082
0.060879
0.064152
0.063172
0.05788
0.060743
0.061612
0.069747
0.065708
0.05795
0.061717
0.058199
0.070109
0.059182
0.060669
0.058675
0.065003
0.057553
0.058443
0.059622
0.057742
0.06022
0.056001
0.061284
0.062756
0.058004
0.063033
0.059609
0.058467
0.059221
0.059571
0.05916
0.058433
0.062085
0.05807
0.066235
0.070702
0.060075
0.059674
0.063305
0.062202
0.058559
0.05975
0.05803
0.060656
0.056323
0.061157
0.060834
0.064353
0.061312
0.056515
0.058626
0.081185
0.070366
0.068798
0.061255
0.056564
0.059887
0.062808
0.06123
0.05888
0.0619
0.059521
0.058097
0.063872
0.059344
0.063505
0.058544
0.060509
0.058325
0.060607
0.057048
0.060295
0.05754
0.060735
0.058984
0.060529
0.059454
0.065571
0.058668
0.061309
0.062682
0.059162
0.06131
0.063304
0.058698
0.058582
0.070557
0.060366
0.068033
0.059123
0.058774
0.061135
0.064673
0.063755
0.066412
0.064158
0.060334
0.061318
0.060026
0.059912
0.060533
0.061483
0.072243
0.060569
0.058144
0.061417
0.062219
0.060742
0.057987
0.058775
0.071021
0.061751
0.067269
0.064027
0.060572
0.062674
0.060487
0.059287
0.068428
0.064536
0.072047
0.055652
0.066151
0.059977
0.059346
0.058085
0.063483
0.063553
0.058107
0.060699
0.05748
0.055769
0.075922
0.064962
0.065928
0.064794
0.061614
0.062184
0.060712
0.060868
0.060198
0.061642
0.057959
0.056893
0.062306
0.060867
0.073145
0.066647
0.060273
0.058083
0.058492
0.062017
0.059226
0.062888
0.060531
0.070067
0.059492
0.065532
0.065953
0.060569
0.05758
0.065116
0.06061
0.060006
0.059154
0.061618
0.058297
0.065883
0.062188
0.076048
0.060323
0.060621
0.060399
0.059726
0.060566
0.058189
0.057768
0.05966
0.061335
0.061312
0.05813
0.053459
0.060307
0.058229
0.066968
0.059291
0.062132
0.057597
0.058256
0.06261
0.061836
0.058518
0.056665
0.070062
0.066962
0.063394
0.059699
0.066969
0.060252
0.065397
0.058168
0.059758
0.060371
0.05813
0.061676
0.056426
0.060042
0.061101
0.057458
0.059793
0.060758
0.060456
0.061163
0.056615
0.060043
0.062629
0.06063
0.063187
0.05724
0.064057
0.064282
0.060126
0.059204
0.060023
0.058787
0.06241
0.057011
0.059913
0.061606
0.071842
0.061653
0.061362
0.057489
0.066681
0.058734
0.060983
0.061267
0.058
0.063859
0.066078
0.062161
0.058934
0.060121
0.066702
0.066046
0.062195
0.065228
0.060207
0.06979
0.064469
0.057806
0.061456
0.057643
0.066006
0.0596
0.057408
0.060534
0.063024
0.062327
0.059115
0.059739
0.057157
0.064343
0.05858
0.061283
0.0593
0.06179
0.056765
0.058391
0.063428
0.060747
0.060132
0.066962
0.058956
0.060084
0.061356
0.061144
0.05678
0.06004
0.056638
0.063538
0.060519
0.063899
0.060492
0.057207
0.058629
0.060627
0.060308
0.056552
0.073572
0.062612
0.06242
0.057824
0.060921
0.060779
0.065329
0.072674
0.064943
0.055222
0.06503
0.058447
0.065228
0.059382
0.057686
0.061318
0.060525
0.061159
0.058604
0.064853
0.062425
0.063228
0.066732
0.056888
0.0586
0.056743
0.063865
0.057835
0.063289
0.057483
0.060424
0.065166
0.057076
0.070894
0.063455
0.060893
0.063199
0.065162
0.059786
0.062337
0.059186
0.064318
0.061375
0.058104
0.064879
0.060797
0.05668
0.062014
0.059291
0.060627
0.055403
0.054934
0.060016
0.067434
0.06209
0.065433
0.061758
0.061274
0.069595
0.054971
0.07635
0.062521
0.061997
0.058171
0.062463
0.059464
0.059583
0.065188
0.060943
0.059342
0.070573
0.058075
0.061237
0.058885
0.06337
0.056206
0.064352
0.059991
0.060126
0.058885
0.062535
0.068991
0.064869
0.062674
0.07087
0.057587
0.057438
0.060363
0.060473
0.068238
0.063974
0.063849
0.057043
0.063161
0.058642
0.064001
0.057619
0.061412
0.069469
0.065534
0.057433
0.061412
0.059155
0.062679
0.057674
0.059211
0.057059
0.061413
0.064256
0.064006
0.06095
0.05812
0.057183
0.062918
0.0598
0.056284
0.059476
0.060607
0.062445
0.083866
0.065117
0.057881
0.066101
0.057767
0.066323
0.063247
0.058543
0.062726
0.063217
0.056775
0.062728
0.059098
0.060009
0.058866
0.062262
0.05913
0.05853
0.061604
0.061562
0.057406
0.058081
0.063205
0.061524
0.062599
0.062728
0.057971
0.056675
0.062364
0.059591
0.056538
0.0637
0.060224
0.059217
0.058546
0.05978
0.061605
0.060363
0.057819
0.068252
0.065697
0.06167
0.061733
0.064859
0.060028
0.058685
0.061599
0.057514
0.057888
0.067066
0.060121
0.065767
0.055669
0.071426
0.059827
0.059677
0.060547
0.071492
0.060682
0.061353
0.071488
0.059927
0.061454
0.064852
0.065097
0.059074
0.071211
0.058051
0.062128
0.060526
0.057712
0.065273
0.060443
0.060234
0.060641
0.058746
0.057228
0.060783
0.058574
0.064743
0.057818
0.059201
0.061183
0.061568
0.071722
0.057318
0.070057
0.064401
0.059844
0.063725
0.064789
0.063814
0.064241
0.062958
0.056992
0.059096
0.061358
0.058152
0.061146
0.058117
0.060335
0.062007
0.057113
0.06087
0.061642
0.064419
0.059902
0.068607
0.060889
0.060472
0.05887
0.062995
0.064961
0.056759
0.065849
0.058282
0.061396
0.059535
0.058263
0.085184
0.063333
0.061429
0.057736
0.058641
0.064041
0.060079
0.060563
0.05938
0.060465
0.06067
0.065454
0.06494
0.057288
0.071101
0.061865
0.061571
0.057357
0.058141
0.067521
0.06291
0.072699
0.066722
0.063192
0.064093
0.055859
0.061075
0.062139
0.069894
0.059774
0.059456
0.058684
0.063264
0.061442
0.059782
0.062269
0.060345
0.069174
0.063026
0.061757
0.057722
0.062786
0.058245
0.060967
0.074412
0.064551
0.057019
0.061504
0.057175
0.067002
0.06188
0.061884
0.067569
0.065526
0.062609
0.060106
0.05982
0.060216
0.06651
0.064472
0.062256
0.060649
0.069611
0.062718
0.058567
0.06026
0.062019
0.056818
0.06125
0.057945
0.061574
0.05957
0.05862
0.060729
0.058652
0.059412
0.060421
0.057989
0.066477
0.056381
0.059533
0.059878
0.061203
0.062023
0.058958
0.072246
0.066604
0.075542
0.064432
0.061837
0.055292
0.058723
0.058604
0.06934
0.060165
0.061663
0.058832
0.067957
0.065431
0.057066
0.059545
0.056912
0.063798
0.066518
0.059011
0.062393
0.069176
0.062197
0.06842
0.061222
0.057496
0.060026
0.058551
0.064233
0.065761
0.059089
0.058985
0.057774
0.064318
0.063852
0.06377
0.059107
0.063925
0.057474
0.063865
0.061743
0.060646
0.05926
0.058313
0.067455
0.063899
0.063724
0.059712
0.053532
0.058826
0.068006
0.065547
0.060036
0.061227
0.060537
0.060104
0.06687
0.059128
0.065906
0.058825
0.059696
0.064073
0.064631
0.059876
0.061086
0.064429
0.059777
0.061033
0.083591
0.068546
0.066791
0.059113
0.056752
0.056196
0.062527
0.060428
0.060173
0.058051
0.060186
0.058279
0.059716
0.062898
0.060645
0.05635
0.05743
0.059827
0.055683
0.055481
0.060812
0.058333
0.055528
0.06639
0.08341
0.064949
0.058826
0.056766
0.061168
0.057758
0.056266
0.06487
0.067081
0.064539
0.059273
0.067615
0.059314
0.059174
0.063793
0.064788
0.061605
0.061451
0.057468
0.061781
0.057594
0.061159
0.05986
0.063636
0.062547
0.057376
0.058082
0.057765
0.060351
0.059297
0.058288
0.055508
0.059579
0.058358
0.059095
0.072783
0.078527
0.063868
0.065628
0.056394
0.062127
0.057102
0.056807
0.054199
0.058037
0.055541
0.06139
0.05633
0.072811
0.061654
0.059487
0.058863
0.062964
0.0637
0.06748
0.057452
0.058439
0.06576
0.061606
0.064687
0.078296
0.061556
0.064749
0.059174
0.058373
0.060923
0.06207
0.057472
0.061444
0.063891
0.067265
0.065339
0.057275
0.063233
0.06223
0.056191
0.064168
0.05872
0.06008
0.061967
0.061858
0.057568
0.05747
0.063852
0.060305
0.059874
0.073249
0.067777
0.065036
0.059903
0.059635
0.061012
0.060123
0.062337
0.06312
0.064197
0.061745
0.06103
0.061429
0.060566
0.056732
0.059554
0.062078
0.064872
0.059379
0.064549
0.062419
0.059965
0.059022
0.058831
0.067831
0.060242
0.058226
0.058071
0.064117
0.056753
0.055908
0.064867
0.061939
0.063698
0.08812
0.061419
0.055978
0.065269
0.058563
0.068373
0.064901
0.059878
0.061025
0.067216
0.061999
0.058837
0.058923
0.061951
0.058995
0.061153
0.054915
0.05674
0.065129
0.067777
0.060526
0.063451
0.065209
0.058248
0.05603
0.059786
0.061891
0.067678
0.066464
0.067713
0.065863
0.061211
0.061389
0.059397
0.054095
0.059949
0.067682
0.060516
0.066698
0.061572
0.069507
0.064719
0.055064
0.060002
0.059577
0.064863
0.059503
0.059062
0.060819
0.061694
0.05734
0.057654
0.164127
0.069464
0.067927
0.062056
0.060145
0.086694
0.066816
0.062824
0.058474
0.05507
0.05964
0.059593
0.060518
0.060655
0.064396
0.058191
0.064624
0.059427
0.067918
0.057883
0.067198
0.060827
0.063388
0.065955
0.060623
0.066159
0.06223
0.057559
0.056771
0.064834
0.061845
0.059741
0.057941
0.061113
0.06242
0.067186
0.059663
0.063744
0.061159
0.057551
0.06619
0.063607
0.061818
0.064362
0.06141
0.06125
0.075492
0.06024
0.057502
0.059705
0.057737
0.060221
0.056273
0.06072
0.061247
0.062901
0.056712
0.057149
0.063331
0.064527
0.066628
0.060736
0.058251
0.059177
0.082706
0.071765
0.061962
0.060212
0.061329
0.060071
0.060917
0.061977
0.062315
0.061071
0.057884
0.061598
0.059267
0.062012
0.065356
0.058662
0.064566
0.059859
0.059224
0.06846
0.055771
0.064033
0.060611
0.060406
0.074221
0.061516
0.058512
0.060197
0.058886
0.059853
0.067972
0.060084
0.065471
0.05758
0.057944
0.068919
0.057829
0.06011
0.065904
0.056734
0.060156
0.061464
0.061668
0.063126
0.056788
0.063234
0.066203
0.060676
0.060215
0.057687
0.061097
0.066434
0.059173
0.060274
0.057649
0.060924
0.064516
0.059502
0.060802
0.057788
0.080118
0.065328
0.064044
0.057806
0.056293
0.061826
0.061364
0.058189
0.056031
0.056866
0.064368
0.05858
0.056139
0.054995
0.060439
0.056833
0.058053
0.05672
0.057184
0.057006
0.061317
0.062976
0.060372
0.062807
0.055507
0.058196
0.069888
0.070947
0.067166
0.06504
0.066779
0.055537
0.06962
0.100141
0.077068
0.078527
0.071035
0.066377
0.06374
0.060563
0.082047
0.084287
0.07839
0.078936
0.077221
0.090947
0.087763
0.092431
0.091518
0.080832
0.116192
0.076846
0.068274
0.109932
0.075261
0.075197
0.089036
0.067982
0.488233
0.667009
0.612292
0.32669
0.088585
0.073422
0.085349
0.067995
0.060521
0.064391
0.058807
0.059308
0.059045
0.060594
0.060799
0.061672
0.058452
0.068482
0.056633
0.056293
0.061136
0.095926
0.063759
0.060728
0.058977
0.058387
0.064034
0.059849
0.06382
0.058514
0.059282
0.063159
0.062294
0.056416
0.059224
0.064872
0.061506
0.058517
0.061917
0.056204
0.070295
0.060992
0.058722
0.068717
0.068811
0.058544
0.060649
0.069603
0.078143
0.082099
0.069341
0.06638
0.069449
0.063554
0.060903
0.060402
0.062872
0.061039
0.059418
0.067115
0.064445
0.057183
0.057181
0.064255
0.062084
0.072886
0.066409
0.058546
0.061864
0.056915
0.064469
0.061593
0.062899
0.060581
0.056519
0.064159
0.059003
0.059594
0.061871
0.084551
0.063004
0.061093
0.057816
0.066876
0.062023
0.060479
0.059556
0.060418
0.059086
0.065642
0.063411
0.059679
0.06085
0.056865
0.062724
0.059663
0.065948
0.062075
0.057081
0.065113
0.056958
0.057962
0.06753
0.061368
0.06367
0.063054
0.05817
0.059827
0.059823
0.064672
0.063125
0.061789
0.0618
0.05779
0.056184
0.069741
0.07399
0.065717
0.063366
0.063178
0.058068
0.069522
0.061914
0.060521
0.060929
0.064496
0.0622
0.063723
0.063747
0.055215
0.061439
0.059738
0.061972
0.057534
0.062231
0.061525
0.057301
0.061487
0.083326
0.065737
0.058045
0.059581
0.062251
0.060172
0.063284
0.056918
0.059929
0.063772
0.060888
0.063188
0.056681
0.061264
0.061072
0.063826
0.063221
0.063861
0.058488
0.099851
0.063936
0.056591
0.059847
0.059735
0.06297
0.063968
0.070523
0.060595
0.058862
0.059852
0.058001
0.079753
0.062921
0.069593
0.072566
0.063066
0.063779
0.058016
0.065706
0.065391
0.062765
0.058331
0.06123
0.056951
0.067165
0.068194
0.063439
0.064288
0.063629
0.059593
0.064153
0.066664
0.064243
0.057496
0.056471
0.059494
0.059282
0.055714
0.082732
0.078726
0.068582
0.064254
0.063132
0.05884
0.058047
0.06157
0.062653
0.061923
0.06473
0.059208
0.064923
0.05843
0.061725
0.057705
0.066687
0.060025
0.059595
0.061169
0.065416
0.065246
0.066192
0.064171
0.065695
0.057766
0.060343
0.061367
0.061622
0.064517
0.05736
0.060976
0.061098
0.064861
0.066022
0.057499
0.064649
0.062081
0.057113
0.063843
0.060112
0.056941
0.073044
0.05916
0.059174
0.058748
0.060512
0.056705
0.063023
0.060193
0.060138
0.067626
0.063302
0.065986
0.068059
0.064738
0.060315
0.057319
0.070085
0.083696
0.075247
0.068557
0.063822
0.055887
0.054146
0.069019
0.061622
0.067685
0.056814
0.060817
0.058144
0.0635
0.05928
0.060477
0.062084
0.058636
0.06437
0.059887
0.065484
0.059474
0.061414
0.059731
0.068989
0.064887
0.061553
0.057392
0.058545
0.06253
0.063825
0.056097
0.058101
0.071916
0.060927
0.054264
0.070701
0.063259
0.057033
0.061573
0.057665
0.063148
0.06383
0.056646
0.05744
0.063252
0.070863
0.062111
0.056754
0.0641
0.058589
0.059422
0.059343
0.060534
0.059206
0.061471
0.064308
0.059679
0.060011
0.062162
0.083542
0.063393
0.057024
0.075354
0.067019
0.055548
0.062647
0.063344
0.063075
0.060456
0.063239
0.061703
0.066909
0.057343
0.058856
0.075667
0.065712
0.063122
0.063393
0.063275
0.062163
0.058337
0.059222
0.061556
0.061643
0.063933
0.062365
0.058244
0.063901
0.059588
0.057826
0.067327
0.062482
0.061869
0.05931
0.060439
0.059557
0.062305
0.057287
0.058442
0.059995
0.065329
0.061447
0.061633
0.056595
0.059083
0.068967
0.062795
0.056829
0.061197
0.063312
0.062691
0.060056
0.057378
0.068057
0.060073
0.069304
0.062531
0.075845
0.073641
0.068546
0.064861
0.064589
0.070125
0.062005
0.062289
0.062063
0.065829
0.057984
0.06035
0.065517
0.061263
0.067608
0.062952
0.0587
0.065987
0.060202
0.059923
0.05835
0.066779
0.059839
0.0592
0.059979
0.064264
0.059958
0.059903
0.062498
0.061467
0.055617
0.069242
0.057541
0.057546
0.070629
0.060285
0.06309
0.06506
0.05778
0.073215
0.064138
0.061299
0.065895
0.060281
0.057405
0.065513
0.06385
0.064954
0.056945
0.057791
0.06334
0.059521
0.065162
0.061902
0.067012
0.062022
0.058616
0.059103
0.059685
0.087392
0.066087
0.063628
0.06209
0.057752
0.064559
0.059023
0.062636
0.061244
0.063435
0.061323
0.061637
0.060466
0.062674
0.059309
0.063613
0.05865
0.062574
0.06118
0.059751
0.057814
0.061295
0.058417
0.061797
0.06272
0.058902
0.06691
0.068334
0.06289
0.057419
0.059305
0.066675
0.061732
0.055709
0.060915
0.060744
0.064765
0.060029
0.05956
0.059146
0.063266
0.060719
0.056057
0.060443
0.065734
0.063879
0.058592
0.061352
0.05941
0.059009
0.059365
0.060056
0.062193
0.058635
0.066181
0.059164
0.061757
0.061157
0.059076
0.08135
0.064958
0.063732
0.058243
0.057244
0.063029
0.060508
0.056853
0.059962
0.061463
0.063859
0.061708
0.058853
0.059174
0.062273
0.060041
0.060477
0.059816
0.0596
0.068776
0.067289
0.058776
0.06091
0.065969
0.061568
0.063822
0.067659
0.059612
0.059206
0.056888
0.058671
0.058436
0.05659
0.064579
0.069341
0.058869
0.065397
0.060189
0.065213
0.06672
0.059958
0.061742
0.056725
0.062506
0.063225
0.057425
0.055641
0.064669
0.070375
0.066301
0.063895
0.058941
0.061033
0.054956
0.058737
0.066946
0.066319
0.063166
0.066642
0.076475
0.061553
0.065192
0.062891
0.05979
0.059552
0.060621
0.060515
0.070425
0.061872
0.067332
0.058095
0.071277
0.058934
0.058336
0.058204
0.066429
0.056966
0.065217
0.06722
0.060299
0.060135
0.075516
0.069494
0.062502
0.058371
0.062594
0.05639
0.059798
0.058224
0.057933
0.063582
0.061805
0.059402
0.064073
0.058681
0.061624
0.064385
0.072878
0.061703
0.058024
0.05912
0.05988
0.059244
0.058476
0.061798
0.061946
0.062733
0.059865
0.059547
0.059993
0.063399
0.063299
0.061939
0.056884
0.064299
0.065703
0.057042
0.056255
0.078698
0.069989
0.061859
0.061442
0.060797
0.056649
0.064986
0.058165
0.056089
0.059333
0.059773
0.056889
0.055928
0.06032
0.056631
0.056468
0.061715
0.060961
0.056671
0.056352
0.056433
0.055727
0.059171
0.068264
0.066899
0.064414
0.065032
0.057356
0.060016
0.060394
0.074986
0.063025
0.057243
0.06122
0.056792
0.066909
0.056554
0.060589
0.057435
0.064323
0.062707
0.059023
0.059454
0.058113
0.060031
0.058781
0.063024
0.063224
0.06029
0.065737
0.063737
0.057467
0.058966
0.066501
0.061498
0.058886
0.060976
0.063606
0.060422
0.06201
0.058288
0.06967
0.065751
0.060433
0.057249
0.061448
0.060751
0.063208
0.060529
0.057767
0.063034
0.063995
0.061454
0.063886
0.063045
0.069482
0.066698
0.058259
0.063345
0.061222
0.0611
0.055391
0.063748
0.059985
0.066647
0.061278
0.056754
0.060018
0.056224
0.058297
0.055649
0.062
0.058166
0.059281
0.056474
0.05601
0.061113
0.056795
0.058985
0.055642
0.065331
0.057556
0.057697
0.05544
0.060457
0.060303
0.056933
0.056236
0.060786
0.060354
0.059945
0.056498
0.060379
0.059843
0.056824
0.055904
0.061475
0.059618
0.061375
0.056868
0.059837
0.078163
0.065915
0.068755
0.066231
0.062102
0.06711
0.070741
0.069189
0.058688
0.058987
0.062411
0.05865
0.066169
0.057128
0.060683
0.06274
0.060422
0.061004
0.061597
0.058184
0.054217
0.064703
0.061412
0.063819
0.059206
0.064062
0.058647
0.067573
0.066173
0.060262
0.05709
0.061967
0.058911
0.063088
0.066879
0.061189
0.057157
0.060042
0.05988
0.059099
0.058896
0.056897
0.067038
0.059048
0.060017
0.057844
0.069211
0.058874
0.06058
0.058913
0.061636
0.058507
0.060548
0.05819
0.060596
0.063163
0.05672
0.072126
0.063843
0.081289
0.062753
0.066873
0.058482
0.069513
0.064151
0.0652
0.058754
0.056671
0.06399
0.065305
0.065713
0.064507
0.064081
0.06532
0.060086
0.057603
0.062539
0.059015
0.060291
0.056058
0.067305
0.072274
0.064408
0.071386
0.065435
0.074869
0.060071
0.066582
0.058129
0.057092
0.061386
0.068913
0.068598
0.061035
0.059607
0.055378
0.057354
0.059221
0.060721
0.058608
0.05627
0.059403
0.056648
0.057374
0.068242
0.063256
0.062919
0.062059
0.06092
0.059416
0.061512
0.057941
0.057482
0.062671
0.060823
0.064045
0.06517
0.062296
0.080361
0.069936
0.062915
0.066834
0.057889
0.058719
0.062714
0.064183
0.063819
0.057409
0.05773
0.0626
0.061088
0.059304
0.062651
0.055839
0.065498
0.066298
0.060926
0.060058
0.06139
0.060349
0.059997
0.056909
0.059554
0.058128
0.06796
0.062072
0.058034
0.058992
0.060162
0.065242
0.065824
0.059625
0.062543
0.059854
0.060173
0.057417
0.065922
0.059011
0.058651
0.059621
0.064468
0.074734
0.066161
0.057538
0.058996
0.061578
0.060288
0.065302
0.060391
0.05678
0.060514
0.065123
0.060114
0.060458
0.059258
0.057791
0.071631
0.089169
0.069143
0.075422
0.064715
0.064578
0.058891
0.056976
0.056828
0.066598
0.070999
0.07066
0.063371
0.062665
0.054572
0.060395
0.058249
0.058219
0.054742
0.064355
0.058755
0.062639
0.058339
0.055341
0.056936
0.058399
0.069497
0.06041
0.061179
0.058843
0.060913
0.061152
0.0685
0.064084
0.060043
0.061041
0.065799
0.06212
0.059305
0.061938
0.058558
0.060246
0.057944
0.062341
0.056485
0.061428
0.061828
0.066084
0.06215
0.058427
0.059822
0.058427
0.065107
0.062411
0.062761
0.058416
0.058968
0.064864
0.05719
0.064656
0.083052
0.073384
0.061926
0.058094
0.061893
0.062384
0.059308
0.068055
0.060211
0.056715
0.060238
0.060666
0.061008
0.065747
0.056654
0.055748
0.063855
0.063491
0.059788
0.064706
0.062203
0.065803
0.056433
0.062445
0.059563
0.062332
0.055833
0.056753
0.060611
0.059383
0.055722
0.063156
0.066848
0.063365
0.060879
0.06168
0.062528
0.055907
0.063875
0.068719
0.066193
0.06093
0.055615
0.055248
0.063696
0.071123
0.060823
0.064265
0.056425
0.060821
0.05834
0.063565
0.059384
0.060442
0.066081
0.062854
0.067936
0.058875
0.059594
0.05812
0.079711
0.067514
0.065085
0.063933
0.056386
0.060494
0.069911
0.059136
0.064779
0.059681
0.058076
0.060349
0.062451
0.059343
0.060046
0.064008
0.062425
0.062586
0.060451
0.061269
0.062703
0.060366
0.063806
0.056621
0.059554
0.060349
0.059032
0.060629
0.057798
0.06007
0.062183
0.05658
0.060922
0.056712
0.076201
0.057016
0.064887
0.069885
0.063985
0.057548
0.061158
0.063939
0.061336
0.060025
0.061393
0.077148
0.064576
0.064069
0.056981
0.068908
0.059259
0.059965
0.061029
0.058212
0.060443
0.059685
0.062585
0.060929
0.060962
0.088483
0.066912
0.057922
0.06173
0.058418
0.058699
0.060917
0.057882
0.067363
0.058427
0.065915
0.063946
0.06188
0.062421
0.062131
0.058389
0.059085
0.059796
0.060013
0.059273
0.065078
0.0598
0.059353
0.064716
0.059577
0.064118
0.065495
0.055751
0.059849
0.062422
0.062483
0.06342
0.05812
0.059349
0.06501
0.062603
0.064683
0.058955
0.058209
0.057821
0.06002
0.058263
0.066676
0.060572
0.059324
0.064506
0.060455
0.062398
0.062505
0.063982
0.05653
0.07011
0.062706
0.060444
0.063275
0.06548
0.063789
0.068319
0.057763
0.07688
0.060211
0.059098
0.059048
0.060603
0.058568
0.061653
0.05883
0.056286
0.059609
0.063622
0.059299
0.055942
0.059784
0.057663
0.062514
0.059497
0.061992
0.058376
0.059752
0.058187
0.058056
0.068985
0.062759
0.057475
0.05852
0.064271
0.062019
0.057603
0.056423
0.060865
0.057137
0.056333
0.056447
0.057482
0.06016
0.063912
0.061322
0.057558
0.057199
0.056424
0.058008
0.070448
0.059847
0.058899
0.060998
0.060893
0.069956
0.066082
0.058099
0.062975
0.063496
0.060161
0.063014
0.065687
0.06377
0.064901
0.057923
0.060472
0.063539
0.06036
0.079212
0.061553
0.060423
0.05781
0.062446
0.059527
0.057065
0.063967
0.062659
0.063219
0.059336
0.061564
0.0634
0.06361
0.05846
0.059405
0.058247
0.061556
0.064249
0.061794
0.057929
0.059997
0.069488
0.067461
0.062788
0.062894
0.072945
0.063494
0.064213
0.059964
0.066127
0.062413
0.061962
0.063794
0.05532
0.061071
0.061914
0.066136
0.059383
0.057865
0.059
0.059699
0.068105
0.063864
0.065022
0.062333
0.058621
0.062009
0.056394
0.063549
0.067532
0.062727
0.066766
0.060467
0.06567
0.059664
0.060072
0.061555
0.075539
0.065009
0.068099
0.062692
0.060673
0.059683
0.066621
0.060898
0.059183
0.060903
0.05844
0.066254
0.058356
0.069459
0.062569
0.053943
0.072633
0.061735
0.060479
0.059881
0.062999
0.060538
0.063473
0.064844
0.061576
0.056444
0.063463
0.059763
0.06102
0.060246
0.066083
0.05831
0.068015
0.061747
0.059275
0.060359
0.059935
0.068776
0.060462
0.056871
0.058355
0.062567
0.065165
0.063478
0.060547
0.064533
0.06288
0.061733
0.057414
0.06584
0.059653
0.060409
0.06128
0.058302
0.059473
0.059299
0.06147
0.067869
0.058835
0.081995
0.062731
0.063599
0.056292
0.059412
0.058315
0.070489
0.062961
0.05779
0.064523
0.059547
0.063987
0.0606
0.059947
0.063482
0.055867
0.067494
0.060988
0.060361
0.058617
0.063091
0.056354
0.060101
0.059956
0.062738
0.058119
0.061665
0.062627
0.061709
0.064933
0.061221
0.065998
0.056621
0.059
0.063225
0.063431
0.05845
0.066382
0.057827
0.065087
0.060437
0.063731
0.079643
0.066385
0.066358
0.0564
0.061559
0.057591
0.064477
0.061812
0.062222
0.056252
0.057779
0.065264
0.060884
0.065846
0.062623
0.062894
0.058456
0.074339
0.068293
0.064609
0.058384
0.0619
0.059105
0.059346
0.059471
0.064884
0.057342
0.059892
0.069249
0.069692
0.059236
0.060893
0.059353
0.057959
0.065088
0.063926
0.057731
0.061993
0.05948
0.059773
0.059426
0.060374
0.059367
0.060239
0.060424
0.060467
0.062441
0.057214
0.064163
0.064883
0.059702
0.070814
0.059279
0.063574
0.06046
0.0596
0.059651
0.060406
0.059135
0.064926
0.064796
0.070663
0.062425
0.064866
0.058953
0.056726
0.063022
0.064812
0.067682
0.061481
0.060752
0.060768
0.062153
0.064147
0.069231
0.065834
0.074992
0.068658
0.065119
0.069068
0.071094
0.067589
0.061884
0.062047
0.063624
0.057645
0.057392
0.064059
0.060616
0.053735
0.065921
0.064328
0.057988
0.06035
0.058274
0.063278
0.062225
0.057359
0.061532
0.057409
0.064063
0.068976
0.064065
0.062892
0.070011
0.064312
0.062525
0.059261
0.060194
0.062814
0.060792
0.060978
0.060615
0.063859
0.059856
0.059222
0.066231
0.059928
0.061816
0.060373
0.05864
0.061571
0.060383
0.061696
0.058901
0.059486
0.062321
0.064474
0.06146
0.064676
0.0595
0.059116
0.062329
0.062291
0.066106
0.081337
0.063007
0.058331
0.062834
0.057303
0.063442
0.059803
0.060622
0.061159
0.058937
0.064196
0.059989
0.060822
0.063943
0.059491
0.064951
0.060443
0.05586
0.060612
0.06083
0.06879
0.064529
0.06067
0.058012
0.061907
0.063795
0.070796
0.061877
0.064891
0.059187
0.05982
0.05911
0.062317
0.058016
0.057789
0.058263
0.05992
0.058032
0.05608
0.057768
0.057923
0.059134
0.055241
0.05827
0.064301
0.072876
0.060455
0.063043
0.05802
0.059418
0.069421
0.07008
0.061329
0.061768
0.063223
0.058778
0.065713
0.06774
0.061652
0.064569
0.067168
0.063843
0.057736
0.060896
0.058149
0.064256
0.062302
0.057307
0.062038
0.05758
0.063868
0.068544
0.068779
0.059372
0.061144
0.059709
0.061143
0.059877
0.059742
0.06639
0.056603
0.06352
0.05977
0.059699
0.058797
0.064977
0.05844
0.061845
0.064681
0.058636
0.067086
0.061553
0.059737
0.060358
0.061637
0.06187
0.057637
0.060873
0.057655
0.062482
0.064988
0.06537
0.062658
0.06026
0.057506
0.061662
0.058161
0.060769
0.057401
0.060519
0.064862
0.056983
0.062069
0.058317
0.067381
0.058516
0.059573
0.05748
0.066721
0.083232
0.065408
0.061926
0.059482
0.058735
0.071722
0.062084
0.064918
0.058464
0.063175
0.066132
0.062491
0.057319
0.056945
0.062301
0.062242
0.057156
0.075245
0.060068
0.062498
0.060049
0.067396
0.058087
0.057541
0.062245
0.062365
0.057445
0.060353
0.061193
0.055526
0.063733
0.061263
0.059859
0.065733
0.061073
0.067337
0.060992
0.060438
0.061219
0.065209
0.057826
0.059241
0.058292
0.060647
0.058783
0.060408
0.057797
0.061309
0.064218
0.061925
0.056891
0.067358
0.058388
0.061736
0.068505
0.068226
0.06141
0.064786
0.059434
0.077254
0.062814
0.057871
0.062257
0.064323
0.062148
0.061644
0.064464
0.059718
0.059572
0.064467
0.058242
0.066193
0.058847
0.058296
0.064714
0.060679
0.060703
0.060371
0.058608
0.065479
0.059775
0.060138
0.059629
0.059971
0.065767
0.064529
0.061603
0.056797
0.05628
0.064694
0.060935
0.06142
0.059418
0.059066
0.062909
0.060406
0.060624
0.05735
0.063399
0.059801
0.058989
0.062413
0.071904
0.063168
0.058617
0.069383
0.06319
0.059126
0.055873
0.061332
0.060169
0.063769
0.067628
0.061808
0.061619
0.06
0.063083
0.061947
0.07882
0.067927
0.061553
0.059737
0.058087
0.059623
0.063364
0.06389
0.057041
0.059007
0.059984
0.063313
0.062396
0.060258
0.057773
0.064043
0.061077
0.059858
0.057864
0.05989
0.060232
0.068908
0.064861
0.06649
0.061049
0.060782
0.065213
0.058058
0.059962
0.063402
0.06079
0.065087
0.064941
0.069451
0.061012
0.065841
0.058025
0.060253
0.056408
0.0584
0.057832
0.061382
0.058084
0.065075
0.058596
0.059819
0.062441
0.059924
0.061348
0.057109
0.059587
0.058292
0.058244
0.057685
0.060023
0.059324
0.061299
0.056747
0.059962
0.059063
0.082433
0.064511
0.070615
0.070853
0.068479
0.059255
0.059529
0.06108
0.059663
0.058547
0.059664
0.057142
0.057511
0.062272
0.067684
0.075554
0.063613
0.058294
0.059816
0.064799
0.067499
0.060549
0.059078
0.057093
0.059751
0.064423
0.074477
0.06728
0.0688
0.0667
0.062477
0.061171
0.058192
0.061743
0.056895
0.06021
0.066447
0.061433
0.058644
0.062317
0.059861
0.059308
0.059858
0.062434
0.057941
0.059003
0.058992
0.063471
0.065694
0.06123
0.057433
0.067104
0.059359
0.06718
0.064212
0.070089
0.059511
0.061095
0.058883
0.081831
0.05998
0.061927
0.057673
0.067515
0.065573
0.066628
0.060897
0.059171
0.057621
0.056017
0.061493
0.063291
0.057284
0.056113
0.061654
0.059409
0.059375
0.080033
0.065052
0.069117
0.066987
0.05826
0.057731
0.056478
0.058716
0.058692
0.061737
0.058678
0.056838
0.05607
0.064753
0.066301
0.065814
0.056604
0.05593
0.061125
0.05865
0.057221
0.058746
0.061126
0.062097
0.060417
0.05925
0.065471
0.067959
0.060287
0.066789
0.0636
0.062167
0.059069
0.066529
0.059017
0.063887
0.057762
0.060225
0.064735
0.063475
0.05933
0.074633
0.062472
0.062665
0.060069
0.063822
0.061133
0.060573
0.064192
0.054689
0.063072
0.070368
0.05943
0.067577
0.063419
0.060068
0.061843
0.060198
0.063965
0.062898
0.058254
0.057414
0.063494
0.060789
0.060278
0.061305
0.059612
0.064375
0.057567
0.060718
0.058981
0.063233
0.064763
0.0611
0.057974
0.05888
0.062631
0.063888
0.066537
0.059883
0.07271
0.06049
0.060272
0.060483
0.058691
0.059561
0.058073
0.06019
0.058148
0.064055
0.060251
0.068328
0.069184
0.063312
0.058922
0.056379
0.057473
0.06344
0.067378
0.063809
0.073461
0.061456
0.059137
0.056714
0.062475
0.059651
0.060186
0.068473
0.070508
0.064031
0.0614
0.063462
0.061728
0.059256
0.063719
0.06563
0.063613
0.061566
0.058739
0.056398
0.060054
0.058353
0.056691
0.062506
0.057583
0.057544
0.065916
0.068474
0.07484
0.065488
0.067896
0.071716
0.062329
0.061586
0.061002
0.06487
0.061456
0.058091
0.06321
0.057877
0.063766
0.061061
0.068891
0.063622
0.059958
0.060292
0.063449
0.066068
0.072236
0.055691
0.062256
0.059304
0.065299
0.071226
0.062725
0.061855
0.060852
0.06332
0.061363
0.082776
0.066726
0.060573
0.062502
0.06298
0.06129
0.05702
0.064811
0.065218
0.064335
0.058719
0.066343
0.064045
0.064468
0.060029
0.0583
0.058814
0.059485
0.06289
0.054278
0.059553
0.062455
0.061406
0.067101
0.062149
0.060349
0.062505
0.061852
0.058604
0.069265
0.073768
0.062801
0.065593
0.06442
0.066604
0.057269
0.060128
0.06307
0.063706
0.060755
0.066808
0.061232
0.06109
0.058208
0.062237
0.066324
0.058702
0.060509
0.060586
0.055855
0.061526
0.057327
0.067459
0.057848
0.06356
0.062257
0.060831
0.065948
0.082217
0.063971
0.065963
0.062019
0.057658
0.062229
0.05821
0.061034
0.063852
0.061418
0.070007
0.064881
0.058096
0.06722
0.058288
0.059684
0.060128
0.06698
0.090718
0.058565
0.059153
0.066764
0.059572
0.058163
0.056803
0.060569
0.0651
0.063798
0.057574
0.061926
0.056653
0.059823
0.064337
0.062157
0.057233
0.059014
0.064417
0.067831
0.064565
0.057505
0.057755
0.062089
0.065425
0.06221
0.058004
0.063642
0.059222
0.063976
0.061081
0.059532
0.061586
0.059919
0.06177
0.058308
0.058062
0.060445
0.061093
0.055182
0.061097
0.058679
0.061545
0.066738
0.074664
0.067427
0.069192
0.057724
0.05628
0.059943
0.061455
0.058361
0.056765
0.055355
0.066274
0.061996
0.062783
0.056771
0.056397
0.058997
0.058333
0.056638
0.054507
0.058551
0.070285
0.063454
0.072796
0.061723
0.061536
0.06884
0.064779
0.063018
0.063732
0.066645
0.056782
0.060446
0.063482
0.062604
0.063984
0.069083
0.060059
0.056832
0.054068
0.065031
0.063521
0.060012
0.06238
0.061442
0.065866
0.062622
0.063745
0.068018
0.06531
0.06407
0.059849
0.059194
0.056402
0.061068
0.058775
0.064663
0.079297
0.069799
0.065713
0.057459
0.056525
0.056243
0.059645
0.06
0.058155
0.058585
0.056614
0.058008
0.057256
0.058941
0.074068
0.06174
0.061896
0.058305
0.062341
0.062165
0.060715
0.063868
0.055405
0.060479
0.064815
0.060653
0.0594
0.062863
0.058196
0.066295
0.058561
0.065537
0.061975
0.061619
0.06981
0.059978
0.062629
0.067453
0.058272
0.06494
0.064198
0.064572
0.06631
0.0661
0.064771
0.062412
0.059056
0.071204
0.06887
0.061675
0.061291
0.060949
0.063309
0.06203
0.059573
0.069087
0.063681
0.05955
0.058565
0.076335
0.064319
0.063822
0.067393
0.056403
0.068314
0.059767
0.060734
0.059711
0.060742
0.059432
0.064524
0.06201
0.058472
0.059737
0.060813
0.060622
0.061091
0.064284
0.059776
0.059019
0.063199
0.058107
0.064187
0.059579
0.059952
0.068999
0.068439
0.062808
0.064801
0.060204
0.06592
0.06096
0.067031
0.058502
0.061473
0.067755
0.062138
0.062726
0.060414
0.058167
0.065089
0.064973
0.067087
0.061355
0.062268
0.057774
0.065284
0.064434
0.059613
0.061536
0.069115
0.063401
0.059923
0.064545
0.058664
0.062241
0.070778
0.063193
0.079626
0.070954
0.063375
0.06281
0.054595
0.055919
0.063503
0.063913
0.066576
0.061918
0.063962
0.060778
0.061571
0.061385
0.055339
0.063834
0.057289
0.060066
0.059997
0.065603
0.060071
0.06085
0.060584
0.0582
0.055713
0.064573
0.058787
0.061307
0.058285
0.062381
0.058368
0.062541
0.075567
0.064606
0.067107
0.064592
0.065855
0.060249
0.064436
0.061812
0.062391
0.064538
0.056978
0.061396
0.064767
0.068946
0.064132
0.057116
0.06249
0.058863
0.061967
0.058971
0.056154
0.065427
0.064702
0.061621
0.063889
0.06564
0.058531
0.076155
0.059293
0.05685
0.0608
0.060515
0.057695
0.056051
0.057016
0.056905
0.060551
0.067453
0.075512
0.065584
0.069684
0.065405
0.066728
0.070223
0.060057
0.060917
0.057146
0.057393
0.064577
0.067662
0.059727
0.059068
0.059276
0.064317
0.065447
0.065276
0.066433
0.06334
0.057497
0.057234
0.059205
0.059258
0.055961
0.062001
0.058158
0.061484
0.058544
0.06028
0.058201
0.057149
0.057678
0.067787
0.06509
0.063197
0.063431
0.070843
0.056779
0.063127
0.064038
0.064553
0.063615
0.05749
0.063123
0.05955
0.05846
0.062236
0.075954
0.059362
0.059925
0.063363
0.059244
0.064803
0.074122
0.063957
0.062979
0.059342
0.063119
0.059377
0.064432
0.061974
0.067252
0.057313
0.060297
0.058771
0.065555
0.059981
0.062599
0.063596
0.061835
0.06236
0.057454
0.057697
0.065468
0.06426
0.063152
0.057981
0.060417
0.063752
0.059122
0.060384
0.071788
0.062093
0.060608
0.062722
0.061392
0.056883
0.068729
0.061973
0.062049
0.063153
0.067587
0.059411
0.059215
0.058994
0.065691
0.057688
0.058453
0.059855
0.060581
0.060782
0.056571
0.060699
0.060381
0.060013
0.063063
0.08504
0.069193
0.061333
0.057557
0.069125
0.058137
0.066666
0.065417
0.062308
0.066319
0.063104
0.06294
0.058208
0.060961
0.062448
0.060022
0.057988
0.057891
0.063162
0.061848
0.060656
0.065142
0.062027
0.057822
0.066537
0.060559
0.058109
0.061974
0.059592
0.059585
0.058603
0.061919
0.060181
0.059435
0.061493
0.067863
0.062741
0.065916
0.064657
0.068508
0.060957
0.065578
0.066884
0.066355
0.061186
0.065353
0.059324
0.065696
0.059195
0.06066
0.0647
0.060104
0.060283
0.063002
0.061876
0.064973
0.059374
0.058229
0.058462
0.07794
0.068801
0.063969
0.061595
0.062849
0.057379
0.067514
0.056231
0.06246
0.062602
0.061349
0.058545
0.057996
0.063677
0.059775
0.060472
0.058711
0.058336
0.06368
0.059571
0.066708
0.055194
0.05985
0.058504
0.061384
0.06361
0.06286
0.066034
0.061414
0.058244
0.065918
0.060084
0.061048
0.058328
0.064184
0.058521
0.059489
0.059403
0.062272
0.060992
0.062083
0.063543
0.062366
0.061542
0.067338
0.061473
0.064127
0.061626
0.057997
0.063507
0.061886
0.061098
0.064328
0.06348
0.064537
0.057402
0.060189
0.064331
0.057711
0.075357
0.06578
0.060276
0.059475
0.0579
0.061171
0.063967
0.060509
0.058121
0.070249
0.060506
0.062722
0.062081
0.062453
0.056982
0.059781
0.060557
0.061253
0.057058
0.061617
0.062908
0.062355
0.060752
0.056615
0.066123
0.065159
0.061187
0.060694
0.060381
0.060619
0.059506
0.06295
0.070635
0.063582
0.063571
0.056627
0.061428
0.057925
0.067115
0.059547
0.063863
0.064535
0.063978
0.064827
0.063082
0.062451
0.063978
0.059462
0.061254
0.063511
0.05793
0.064644
0.058751
0.061491
0.05811
0.062211
0.097384
0.065867
0.075543
0.067765
0.06628
0.0616
0.057804
0.060125
0.058834
0.062509
0.059832
0.064104
0.062493
0.060559
0.06425
0.065802
0.060999
0.057294
0.061835
0.061408
0.061466
0.060369
0.057997
0.061275
0.058908
0.062613
0.062731
0.059362
0.067301
0.059644
0.061343
0.0585
0.07039
0.059444
0.060918
0.058084
0.06124
0.061917
0.069049
0.064562
0.065863
0.065598
0.058152
0.062967
0.057702
0.064191
0.063353
0.061771
0.057469
0.062717
0.065438
0.069089
0.069216
0.061952
0.064274
0.058728
0.070042
0.06243
0.062923
0.061926
0.067666
0.075778
0.064414
0.062618
0.062724
0.058965
0.063056
0.060582
0.064958
0.064111
0.074006
0.064506
0.067832
0.058529
0.056956
0.061867
0.06302
0.070586
0.060618
0.060021
0.061554
0.062223
0.060795
0.060173
0.064921
0.067811
0.057319
0.059286
0.061834
0.062602
0.059371
0.059812
0.060187
0.064379
0.059489
0.059968
0.058687
0.061958
0.063891
0.060215
0.064958
0.063253
0.062366
0.061544
0.061096
0.058234
0.058293
0.060667
0.063507
0.064678
0.065498
0.060165
0.058276
0.066665
0.062745
0.063232
0.058709
0.064548
0.058608
0.066771
0.077144
0.058769
0.067085
0.063211
0.070175
0.061119
0.066976
0.063408
0.066863
0.058867
0.061387
0.066028
0.069516
0.06042
0.057336
0.057406
0.057141
0.055408
0.067168
0.060198
0.064036
0.067987
0.063105
0.054657
0.060649
0.062886
0.07188
0.059283
0.060584
0.058376
0.066959
0.057807
0.062247
0.061079
0.060647
0.057368
0.063174
0.05727
0.066217
0.059435
0.064325
0.058791
0.060746
0.062803
0.066197
0.057789
0.059634
0.058078
0.063199
0.064831
0.068198
0.061477
0.062006
0.058038
0.063352
0.05943
0.066662
0.060856
0.084143
0.065346
0.05997
0.061571
0.063037
0.060531
0.06177
0.059649
0.059408
0.061426
0.060207
0.061847
0.062032
0.059035
0.0612
0.06002
0.060777
0.065569
0.058708
0.060583
0.060165
0.06098
0.058891
0.059186
0.061435
0.062041
0.058482
0.063692
0.060749
0.059432
0.068658
0.057125
0.059044
0.060142
0.060259
0.060184
0.062316
0.06111
0.063781
0.067018
0.06208
0.05969
0.06839
0.065252
0.062343
0.063638
0.059207
0.06503
0.057466
0.058518
0.060226
0.06073
0.060627
0.056793
0.060955
0.060335
0.060355
0.060113
0.058828
0.058364
0.081663
0.068318
0.059601
0.06989
0.065757
0.060031
0.064356
0.061208
0.069067
0.05746
0.05958
0.060004
0.062543
0.058142
0.060622
0.059559
0.058958
0.058903
0.060522
0.059647
0.059787
0.062793
0.060301
0.058154
0.067017
0.064124
0.061973
0.059894
0.060241
0.069233
0.059695
0.066872
0.058499
0.058333
0.071369
0.062525
0.060545
0.058742
0.060093
0.059566
0.061861
0.062589
0.056925
0.064915
0.061899
0.054044
0.069619
0.061156
0.058891
0.063799
0.056875
0.059499
0.061134
0.061201
0.064574
0.059849
0.059866
0.060585
0.06249
0.086803
0.067342
0.063508
0.057458
0.062161
0.057718
0.065573
0.059654
0.060213
0.058602
0.062018
0.060358
0.05746
0.071766
0.061861
0.057718
0.063845
0.059788
0.060159
0.058712
0.065382
0.067781
0.06069
0.059909
0.061567
0.063287
0.080767
0.062615
0.058098
0.061654
0.057628
0.067325
0.063507
0.061348
0.05702
0.060368
0.064739
0.063103
0.058848
0.060063
0.057212
0.064475
0.059294
0.059906
0.062736
0.064266
0.062321
0.061492
0.059237
0.065553
0.065139
0.065788
0.05779
0.060665
0.057409
0.058369
0.064877
0.068653
0.064629
0.082828
0.067776
0.062852
0.060143
0.059451
0.066607
0.060224
0.057339
0.056962
0.065965
0.069012
0.06752
0.065314
0.068562
0.065401
0.058911
0.058625
0.060888
0.056539
0.06494
0.060126
0.058402
0.055266
0.057846
0.058518
0.056269
0.056
0.059746
0.058144
0.058499
0.055916
0.070405
0.057141
0.057352
0.053931
0.057899
0.061832
0.06567
0.064583
0.061855
0.063265
0.056671
0.066068
0.059242
0.060259
0.059976
0.066651
0.061805
0.063862
0.059987
0.060081
0.060074
0.06298
0.062222
0.060802
0.057709
0.059745
0.062473
0.064807
0.067188
0.085569
0.061878
0.061235
0.064214
0.072757
0.059132
0.05972
0.062926
0.069827
0.06062
0.064816
0.059905
0.059734
0.058465
0.061836
0.06933
0.063177
0.0568
0.06366
0.061884
0.062615
0.067521
0.06366
0.060344
0.058381
0.061351
0.063363
0.06064
0.063149
0.059882
0.059737
0.063961
0.063756
0.057409
0.062212
0.066061
0.06499
0.065935
0.063703
0.058298
0.062925
0.057792
0.058968
0.062237
0.056058
0.06054
0.056524
0.058171
0.066076
0.066054
0.066021
0.062388
0.058998
0.060081
0.063467
0.069541
0.056011
0.060449
0.073354
0.064034
0.058447
0.06032
0.06189
0.062179
0.063919
0.059504
0.066732
0.060169
0.06443
0.060643
0.064389
0.060018
0.059988
0.063974
0.05879
0.067621
0.070193
0.068083
0.062708
0.059415
0.059665
0.05927
0.056341
0.059994
0.057284
0.05728
0.055706
0.063006
0.057807
0.05819
0.057101
0.055655
0.062876
0.059182
0.056638
0.056622
0.059264
0.057391
0.056027
0.056319
0.065189
0.062944
0.06275
0.060728
0.062588
0.062746
0.057081
0.060965
0.062852
0.059576
0.060253
0.063457
0.06581
0.056628
0.061892
0.060008
0.066542
0.058542
0.084871
0.063777
0.062313
0.058193
0.059832
0.063817
0.056635
0.062368
0.062039
0.06258
0.061734
0.066169
0.060013
0.061364
0.063699
0.061404
0.060295
0.060229
0.059395
0.061966
0.057173
0.064258
0.06544
0.059935
0.060725
0.064816
0.059364
0.066066
0.066689
0.054383
0.059759
0.062183
0.06533
0.065583
0.058406
0.071151
0.062801
0.06358
0.060856
0.065945
0.064052
0.059655
0.058142
0.058787
0.062378
0.05674
0.064178
0.063578
0.064249
0.060399
0.064655
0.061402
0.059287
0.058099
0.07057
0.070289
0.059043
0.0606
0.05925
0.075399
0.068227
0.063892
0.05797
0.061642
0.059143
0.059517
0.059632
0.060773
0.059229
0.060336
0.060304
0.060275
0.06149
0.060524
0.063098
0.063288
0.056213
0.062475
0.069956
0.070611
0.058947
0.065899
0.061698
0.056906
0.057897
0.060126
0.060543
0.0607
0.057561
0.060092
0.058809
0.058929
0.059054
0.060968
0.058801
0.061027
0.059801
0.057366
0.057379
0.057282
0.055266
0.059797
0.056781
0.059884
0.057244
0.062762
0.066104
0.058755
0.058188
0.067474
0.07101
0.065766
0.063993
0.057811
0.06001
0.058222
0.058872
0.057713
0.056662
0.056605
0.074125
0.065285
0.073158
0.064892
0.061751
0.057122
0.06174
0.093483
0.059807
0.063151
0.05845
0.060634
0.064138
0.066053
0.055452
0.060528
0.057306
0.065337
0.059148
0.061291
0.058611
0.061888
0.060557
0.057882
0.065335
0.059214
0.064554
0.061983
0.060229
0.068604
0.065867
0.061569
0.060193
0.059511
0.0647
0.069967
0.057849
0.060571
0.067291
0.061638
0.061622
0.057749
0.058619
0.064875
0.056787
0.067183
0.059904
0.059011
0.055891
0.060011
0.060134
0.066098
0.060991
0.055308
0.058204
0.058369
0.06651
0.063479
0.059016
0.073301
0.063065
0.058308
0.065799
0.064877
0.063246
0.065304
0.056278
0.064697
0.05873
0.06564
0.064911
0.0591
0.057873
0.06015
0.062628
0.063783
0.057418
0.059799
0.061518
0.06095
0.063644
0.05721
0.06058
0.060077
0.064404
0.062774
0.057206
0.05971
0.061603
0.058657
0.061543
0.05829
0.061079
0.067546
0.061592
0.062279
0.062374
0.061063
0.057681
0.06171
0.061258
0.060368
0.06371
0.060924
0.060344
0.061154
0.060853
0.061735
0.05919
0.058817
0.067144
0.063701
0.063133
0.058747
0.058719
0.05872
0.065025
0.062585
0.078569
0.06477
0.061129
0.059242
0.057905
0.061993
0.058824
0.061149
0.058121
0.060652
0.077255
0.066973
0.062827
0.062735
0.062155
0.060603
0.063302
0.059194
0.059899
0.065299
0.066914
0.065279
0.068522
0.059038
0.057157
0.056642
0.068319
0.063432
0.067278
0.058793
0.057261
0.056658
0.061057
0.056127
0.056033
0.058301
0.059131
0.062936
0.0596
0.056568
0.062207
0.065731
0.062547
0.056939
0.055912
0.061311
0.058913
0.05616
0.067332
0.069871
0.064827
0.065811
0.059491
0.067207
0.064204
0.058803
0.058234
0.075556
0.059019
0.075734
0.058889
0.059653
0.079505
0.058118
0.057233
0.058228
0.063661
0.061818
0.07118
0.066365
0.062908
0.060986
0.065426
0.065264
0.058478
0.05902
0.057225
0.066007
0.060959
0.059169
0.058397
0.059097
0.058471
0.057314
0.057258
0.066903
0.069115
0.064126
0.073414
0.064913
0.059896
0.061388
0.056705
0.064275
0.061127
0.065482
0.057783
0.056337
0.061467
0.059244
0.059858
0.057039
0.061827
0.058475
0.056008
0.056193
0.058205
0.061922
0.056793
0.059125
0.057998
0.059133
0.062039
0.128855
0.078465
0.074107
0.079973
0.090368
0.06306
0.061963
0.062003
0.066714
0.06399
0.060856
0.065238
0.067071
0.062128
0.061969
0.059215
0.05902
0.062125
0.063615
0.060697
0.060088
0.060763
0.06654
0.064329
0.062824
0.058697
0.063296
0.062208
0.060996
0.069066
0.057129
0.066554
0.058384
0.062602
0.063482
0.0616
0.065233
0.059404
0.073785
0.061634
0.060245
0.058932
0.061541
0.060135
0.062302
0.064442
0.056058
0.06524
0.058814
0.062444
0.058894
0.059391
0.060445
0.058908
0.067917
0.057055
0.059195
0.060965
0.064634
0.071884
0.057435
0.066389
0.062498
0.065404
0.061504
0.064078
0.059649
0.058724
0.058261
0.061108
0.058816
0.061691
0.058105
0.066722
0.063314
0.059404
0.065255
0.062416
0.057789
0.063203
0.064062
0.058231
0.058091
0.064108
0.065605
0.054389
0.062676
0.065466
0.065783
0.058542
0.059281
0.06227
0.06172
0.063547
0.056909
0.061239
0.058601
0.065221
0.060502
0.061299
0.059452
0.059423
0.064373
0.064255
0.061038
0.061709
0.058117
0.058607
0.063001
0.059762
0.066743
0.063096
0.060029
0.06081
0.062073
0.060411
0.056669
0.058979
0.063067
0.067031
0.059675
0.067613
0.081558
0.066502
0.071222
0.065857
0.063523
0.065866
0.05822
0.067912
0.062246
0.064141
0.060813
0.060998
0.058669
0.061363
0.066335
0.064176
0.060413
0.058518
0.06063
0.061585
0.060963
0.056624
0.064407
0.066689
0.064956
0.067482
0.063408
0.065691
0.061753
0.062186
0.055486
0.061319
0.063897
0.066453
0.059992
0.059423
0.064472
0.065108
0.062353
0.060091
0.058379
0.061997
0.06363
0.059768
0.065948
0.059013
0.058668
0.061151
0.061258
0.065023
0.05984
0.062629
0.060522
0.062685
0.059962
0.059506
0.05887
0.06781
0.082277
0.064083
0.061815
0.060952
0.060677
0.058253
0.065534
0.061174
0.065708
0.057976
0.060243
0.06275
0.066582
0.063353
0.064744
0.063717
0.064292
0.061261
0.061089
0.060842
0.074181
0.065427
0.060113
0.05913
0.063773
0.064698
0.062378
0.061315
0.060131
0.059434
0.062603
0.067399
0.06441
0.057446
0.06264
0.057835
0.065137
0.064955
0.060894
0.060265
0.061646
0.06577
0.061096
0.063792
0.066559
0.070741
0.06399
0.064953
0.062647
0.060605
0.061506
0.062199
0.059241
0.063673
0.060054
0.061114
0.063965
0.063046
0.059806
0.078841
0.066492
0.059438
0.063828
0.058309
0.059751
0.061206
0.060453
0.069331
0.06951
0.064097
0.064698
0.064111
0.067476
0.061991
0.061649
0.059325
0.059942
0.06277
0.060736
0.066868
0.057637
0.061027
0.062015
0.063502
0.057403
0.065281
0.057613
0.061575
0.0598
0.062879
0.059729
0.061798
0.067422
0.061182
0.058664
0.063304
0.060181
0.066728
0.059898
0.059773
0.058318
0.060553
0.057293
0.060939
0.058177
0.062542
0.058262
0.060196
0.061779
0.065096
0.059773
0.065456
0.059997
0.06284
0.060607
0.061939
0.063068
0.065689
0.085256
0.065709
0.063707
0.064456
0.065283
0.069255
0.060823
0.065674
0.057531
0.062818
0.058554
0.061419
0.057554
0.057986
0.065016
0.064398
0.06269
0.058564
0.068943
0.058035
0.055604
0.063322
0.06132
0.063157
0.066255
0.067465
0.064802
0.060549
0.057717
0.059114
0.068857
0.064468
0.06376
0.069339
0.065401
0.057809
0.059232
0.057982
0.069512
0.060021
0.066401
0.07266
0.05858
0.060746
0.064263
0.057583
0.063802
0.06064
0.059247
0.059464
0.063001
0.059156
0.059617
0.058333
0.06598
0.063128
0.061063
0.058206
0.084024
0.067988
0.065987
0.067832
0.060934
0.061181
0.065418
0.06297
0.064581
0.060937
0.064761
0.057373
0.060271
0.060904
0.061386
0.057084
0.064566
0.057619
0.064039
0.062493
0.059936
0.062183
0.08339
0.061868
0.062007
0.059246
0.060421
0.058121
0.059294
0.056284
0.059327
0.056642
0.058004
0.05448
0.060554
0.058414
0.056885
0.054066
0.056964
0.062189
0.063571
0.060861
0.062782
0.062395
0.057888
0.063156
0.061277
0.059874
0.065301
0.060772
0.061442
0.068406
0.058787
0.062039
0.061344
0.069943
0.059704
0.063064
0.057188
0.062318
0.081065
0.060835
0.064652
0.065725
0.059
0.059683
0.061498
0.064886
0.066794
0.058084
0.058046
0.061273
0.061665
0.059145
0.065978
0.058318
0.062388
0.060027
0.062398
0.065508
0.060491
0.061222
0.061264
0.062899
0.064065
0.062485
0.059061
0.05752
0.060663
0.058514
0.060768
0.057733
0.061807
0.060817
0.062861
0.060496
0.061555
0.060092
0.065855
0.077248
0.069085
0.062269
0.061365
0.067076
0.062362
0.068611
0.061523
0.06599
0.062088
0.063179
0.059254
0.061368
0.055435
0.061654
0.063044
0.05939
0.060786
0.06136
0.079994
0.061628
0.061321
0.06489
0.057806
0.06909
0.065069
0.059687
0.062749
0.056755
0.062705
0.058386
0.059853
0.057543
0.060627
0.062879
0.059523
0.063622
0.063052
0.064896
0.065203
0.056744
0.059736
0.060273
0.067474
0.064764
0.062506
0.058167
0.060319
0.060461
0.06093
0.056965
0.060551
0.05804
0.062846
0.058152
0.059855
0.058161
0.061982
0.056841
0.061248
0.06861
0.062091
0.062467
0.061725
0.059378
0.05781
0.062901
0.058208
0.060923
0.061753
0.062208
0.064251
0.059827
0.063578
0.058741
0.056951
0.063523
0.062144
0.061435
0.090971
0.067801
0.06296
0.057429
0.061828
0.061571
0.062123
0.057606
0.064732
0.062964
0.058956
0.068147
0.065593
0.065179
0.05837
0.062077
0.057538
0.061977
0.06133
0.061729
0.05647
0.062164
0.058233
0.059102
0.064174
0.069476
0.058724
0.062224
0.056884
0.06297
0.060907
0.058921
0.064425
0.062693
0.061597
0.059351
0.062472
0.060002
0.058578
0.06487
0.057529
0.058774
0.060229
0.060513
0.06377
0.065077
0.057306
0.058327
0.057911
0.064754
0.05769
0.063711
0.062788
0.057515
0.063485
0.059483
0.056789
0.060161
0.059996
0.086863
0.064839
0.061242
0.0679
0.061234
0.063993
0.058388
0.06124
0.065889
0.060409
0.060651
0.057958
0.061663
0.057776
0.383527
0.083627
0.077956
0.07559
0.069959
0.06652
0.066335
0.058904
0.065406
0.062515
0.064778
0.066304
0.06469
0.063869
0.064783
0.058501
0.058647
0.064621
0.058675
0.063871
0.062892
0.05826
0.060881
0.061343
0.057157
0.061075
0.058294
0.061511
0.064549
0.061759
0.062073
0.059966
0.064112
0.066986
0.057523
0.058691
0.057958
0.087821
0.061004
0.058184
0.056112
0.054782
0.060532
0.073452
0.063697
0.065342
0.06442
0.06119
0.060834
0.060968
0.063499
0.064943
0.060023
0.066941
0.059469
0.059832
0.061526
0.063905
0.062231
0.060203
0.06305
0.058088
0.061665
0.05896
0.061556
0.0578
0.056743
0.064314
0.055701
0.059628
0.0647
0.392572
0.086635
0.072888
0.07787
0.064993
0.062885
0.061671
0.061817
0.05968
0.06112
0.060586
0.059286
0.062306
0.057051
0.063851
0.060185
0.060034
0.059718
0.061325
0.061714
0.093211
0.060536
0.059163
0.062249
0.06061
0.067253
0.057377
0.059002
0.061956
0.060613
0.06093
0.062643
0.062143
0.057971
0.064165
0.060486
0.057077
0.060351
0.060586
0.059353
0.060494
0.058811
0.058267
0.0639
0.060102
0.059999
0.058914
0.058164
0.062707
0.059877
0.06121
0.059539
0.059411
0.062812
0.067816
0.060998
0.057001
0.059118
0.062078
0.059427
0.060916
0.059468
0.060145
0.059234
0.059211
0.062193
0.070105
0.064556
0.056756
0.067469
0.061081
0.054024
0.056931
0.066732
0.063217
0.060156
0.058805
0.066792
0.063502
0.061321
0.0963
0.062434
0.062005
0.060234
0.058721
0.059611
0.056213
0.057524
0.0568
0.05938
0.057123
0.057279
0.059654
0.069682
0.070732
0.060958
0.056584
0.057628
0.054889
0.058982
0.059456
0.063048
0.058977
0.063288
0.058228
0.060224
0.060528
0.061979
0.058718
0.058368
0.057873
0.060689
0.065257
0.061839
0.057057
0.062025
0.057792
0.057148
0.058355
0.065148
0.059199
0.058249
0.057835
0.058857
0.059392
0.057432
0.058384
0.063742
0.057397
0.071971
0.065091
0.063184
0.067002
0.062222
0.060304
0.058093
0.061592
0.057166
0.059563
0.061932
0.085282
0.065808
0.066292
0.065352
0.06631
0.059116
0.059952
0.063013
0.063142
0.062157
0.060183
0.071929
0.060944
0.063758
0.066049
0.057858
0.057751
0.06227
0.066971
0.066545
0.05787
0.058926
0.061338
0.060545
0.060828
0.056544
0.06009
0.061878
0.060263
0.060204
0.058042
0.057761
0.063385
0.059376
0.060098
0.059807
0.057966
0.063628
0.059515
0.059848
0.058788
0.058001
0.063366
0.05946
0.062621
0.058963
0.058342
0.062932
0.059378
0.060242
0.059702
0.060217
0.059969
0.058693
0.062404
0.056495
0.064543
0.059438
0.05859
0.062043
0.061975
0.063563
0.07104
0.05956
0.069632
0.060159
0.057889
0.060664
0.062494
0.066935
0.060966
0.057202
0.060282
0.068655
0.06166
0.05724
0.059426
0.057634
0.062941
0.05773
0.060698
0.057473
0.061121
0.061641
0.056686
0.060295
0.057619
0.062525
0.06067
0.062159
0.062291
0.060707
0.058154
0.058985
0.062429
0.060209
0.059068
0.057863
0.058933
0.061639
0.066708
0.054981
0.059089
0.057814
0.064535
0.058416
0.060242
0.057638
0.061631
0.059344
0.059889
0.058434
0.063715
0.057783
0.060076
0.059955
0.065486
0.058096
0.059325
0.061353
0.080731
0.062796
0.060912
0.063164
0.056313
0.062329
0.057957
0.060892
0.056722
0.066269
0.059263
0.064002
0.058441
0.059608
0.057673
0.060064
0.06275
0.061476
0.059812
0.0613
0.060285
0.06002
0.056728
0.059821
0.05811
0.061589
0.057095
0.060373
0.0626
0.058824
0.060896
0.057611
0.060077
0.061706
0.056919
0.060507
0.056559
0.065458
0.066723
0.059536
0.061303
0.057507
0.064527
0.058953
0.058919
0.061858
0.06243
0.063306
0.061147
0.059594
0.059848
0.061887
0.058539
0.065074
0.059616
0.06063
0.056427
0.062877
0.060155
0.066356
0.081697
0.066669
0.061874
0.06058
0.059697
0.058342
0.065043
0.059077
0.060825
0.056465
0.062483
0.059923
0.058942
0.062535
0.056609
0.062699
0.060337
0.05984
0.059792
0.058937
0.065075
0.062126
0.059387
0.059741
0.059951
0.059929
0.062584
0.061645
0.060083
0.058326
0.068368
0.058746
0.058884
0.059895
0.059639
0.066697
0.061052
0.060552
0.057803
0.064426
0.065256
0.061341
0.058939
0.060648
0.060072
0.059576
0.059173
0.059685
0.069393
0.059839
0.059654
0.065961
0.060807
0.061879
0.0623
0.057568
0.059869
0.061331
0.064365
0.081386
0.079237
0.069509
0.062673
0.057926
0.056321
0.057826
0.056747
0.057694
0.061919
0.063342
0.056104
0.060494
0.058558
0.060075
0.061643
0.056841
0.057559
0.056867
0.057281
0.070099
0.059608
0.059224
0.06163
0.060818
0.064913
0.065073
0.056347
0.063686
0.059901
0.058489
0.060445
0.065236
0.065301
0.055685
0.062358
0.062554
0.060617
0.06032
0.051935
0.060267
0.060315
0.060208
0.061634
0.0638
0.059467
0.062528
0.05895
0.064759
0.059584
0.060891
0.061257
0.059829
0.06068
0.059843
0.061687
0.068597
0.057604
0.060859
0.062039
0.074136
0.06952
0.065387
0.06425
0.067432
0.066004
0.062422
0.062475
0.060603
0.059768
0.057197
0.063291
0.066024
0.063256
0.061287
0.059687
0.057126
0.063948
0.060081
0.057279
0.060415
0.05964
0.061968
0.062846
0.058824
0.058438
0.060628
0.061759
0.056913
0.060678
0.057433
0.06485
0.059834
0.062562
0.060995
0.064564
0.060992
0.058386
0.059564
0.069983
0.059405
0.057576
0.057743
0.064422
0.060092
0.055572
0.060985
0.057783
0.063732
0.057003
0.061457
0.059247
0.060913
0.059039
0.060083
0.058942
0.059113
0.060201
0.058683
0.06611
0.073173
0.06194
0.06737
0.0607
0.060203
0.059564
0.061942
0.06169
0.059037
0.061019
0.057621
0.065608
0.065658
0.061429
0.060215
0.062159
0.058246
0.058511
0.05933
0.068209
0.065514
0.061187
0.058857
0.059092
0.057948
0.059721
0.061246
0.060585
0.057868
0.054057
0.06007
0.060154
0.054433
0.061227
0.062225
0.059686
0.056759
0.063581
0.064621
0.058353
0.058308
0.059481
0.060427
0.062736
0.05483
0.057035
0.060156
0.055594
0.055048
0.063222
0.064078
0.057018
0.056543
0.057161
0.062824
0.056317
0.055815
0.057566
0.057432
0.05565
0.057943
0.076704
0.05902
0.05873
0.073423
0.061985
0.062684
0.058315
0.062019
0.058005
0.068894
0.073829
0.061562
0.080965
0.060896
0.060153
0.067434
0.059028
0.064569
0.05893
0.06134
0.057691
0.061039
0.060944
0.056776
0.061651
0.058503
0.061616
0.059544
0.057542
0.060001
0.058035
0.061701
0.062087
0.058263
0.06252
0.062276
0.067064
0.060228
0.059197
0.059043
0.067375
0.057661
0.064762
0.066165
0.067187
0.060445
0.056178
0.059699
0.059377
0.06129
0.055447
0.063333
0.058073
0.058733
0.058006
0.061203
0.059357
0.063202
0.060261
0.083462
0.062733
0.058065
0.059872
0.062388
0.057303
0.05858
0.058469
0.055702
0.055954
0.066206
0.059322
0.056494
0.055428
0.061992
0.0616
0.057252
0.056782
0.059778
0.058952
0.057851
0.058299
0.060252
0.059182
0.058109
0.05605
0.060357
0.059322
0.057882
0.056757
0.059848
0.058151
0.058102
0.056209
0.059392
0.0555
0.059766
0.056189
0.060016
0.058767
0.057893
0.055368
0.059471
0.062555
0.058507
0.056901
0.060169
0.059161
0.057798
0.066881
0.068253
0.064095
0.058946
0.060986
0.059071
0.062677
0.064833
0.059261
0.059981
0.064531
0.062415
0.064121
0.074994
0.058898
0.059287
0.059253
0.057027
0.056039
0.055965
0.055203
0.060882
0.056075
0.056857
0.058686
0.054445
0.056747
0.060314
0.0552
0.055575
0.059311
0.055176
0.054484
0.058974
0.055393
0.056122
0.056499
0.057625
0.0598
0.057195
0.056564
0.056739
0.058842
0.055244
0.05646
0.057058
0.059537
0.058588
0.056208
0.05563
0.057494
0.057485
0.056303
0.055924
0.058236
0.053897
0.054614
0.063214
0.053628
0.054912
0.061765
0.054965
0.054521
0.060851
0.055079
0.056301
0.058293
0.053019
0.05414
0.061568
0.053566
0.054698
0.062796
0.055975
0.054287
0.057708
0.053267
0.058881
0.077694
0.05921
0.056011
0.057775
0.055173
0.056687
0.058336
0.053779
0.055671
0.059906
0.056395
0.057197
0.059878
0.055025
0.05455
0.061345
0.054819
0.055853
0.058173
0.053763
0.054618
0.060662
0.053558
0.054606
0.061344
0.055733
0.054964
0.05722
0.053414
0.057157
0.061608
0.054107
0.056472
0.059666
0.0533
0.053713
0.059774
0.071837
0.065754
0.066912
0.068628
0.062183
0.058399
0.059209
0.064093
0.064359
0.063156
0.059894
0.057414
0.062806
0.062237
0.061193
0.058218
0.059562
0.065035
0.059642
0.064235
0.060736
0.062087
0.065117
0.057621
0.058722
0.077068
0.067477
0.062763
0.057283
0.061772
0.05744
0.065555
0.059697
0.058274
0.061656
0.061341
0.062186
0.059752
0.06017
0.061714
0.061449
0.06164
0.05964
0.058072
0.060274
0.059711
0.062041
0.059972
0.05745
0.06704
0.059264
0.059137
0.059902
0.058273
0.062352
0.056615
0.059839
0.060808
0.058346
0.060563
0.057552
0.061075
0.061887
0.056978
0.063273
0.058021
0.06289
0.060902
0.056829
0.060725
0.05783
0.061635
0.059217
0.058158
0.060236
0.063014
0.058935
0.06036
0.057198
0.066847
0.058675
0.058797
0.059464
0.058174
0.061848
0.068605
0.062968
0.058026
0.059446
0.057825
0.065025
0.061179
0.058532
0.060173
0.068313
0.062329
0.062387
0.060365
0.057488
0.060452
0.061728
0.057865
0.057909
0.062308
0.0637
0.057959
0.062743
0.058523
0.064947
0.05971
0.061376
0.058538
0.060576
0.060599
0.059067
0.058943
0.060985
0.060096
0.067353
0.058623
0.063974
0.061981
0.056332
0.060355
0.061508
0.067479
0.065092
0.057866
0.058944
0.065121
0.059772
0.056932
0.061773
0.06238
0.059584
0.058522
0.056717
0.066936
0.064116
0.062757
0.059715
0.061537
0.060207
0.057921
0.06185
0.0717
0.068938
0.064538
0.067121
0.057141
0.060222
0.059502
0.064977
0.061466
0.066295
0.063092
0.05771
0.062169
0.055332
0.060985
0.059563
0.0577
0.054108
0.057998
0.057868
0.053086
0.057549
0.057784
0.056497
0.057029
0.054518
0.058082
0.056905
0.057071
0.054514
0.05824
0.056544
0.060348
0.05492
0.058604
0.056111
0.057122
0.054277
0.057829
0.05583
0.05964
0.054664
0.058282
0.056204
0.056816
0.054172
0.05825
0.055928
0.057104
0.05448
0.058371
0.055726
0.056351
0.054313
0.060887
0.057055
0.05402
0.063165
0.068529
0.056045
0.055731
0.058218
0.057739
0.074321
0.06396
0.065909
0.060609
0.061158
0.06288
0.06209
0.063762
0.062268
0.060664
0.060381
0.061141
0.056121
0.062826
0.066051
0.06438
0.060091
0.059671
0.059051
0.059459
0.059263
0.063808
0.061303
0.063179
0.060492
0.056922
0.059775
0.060049
0.061289
0.058821
0.064889
0.05479
0.059716
0.055836
0.062197
0.058061
0.059956
0.054212
0.05988
0.060764
0.061815
0.055995
0.063692
0.058745
0.06664
0.062057
0.059323
0.06029
0.065322
0.065312
0.05863
0.058047
0.057344
0.06471
0.058017
0.064544
0.061789
0.057184
0.064733
0.059861
0.07635
0.062992
0.062204
0.058573
0.064782
0.063164
0.058084
0.057255
0.05865
0.063961
0.064544
0.066947
0.059099
0.065179
0.057757
0.061147
0.057439
0.060601
0.058062
0.055073
0.055572
0.059145
0.057251
0.055615
0.055214
0.059461
0.05731
0.059105
0.058483
0.06041
0.05803
0.058015
0.055858
0.059882
0.056504
0.060016
0.069289
0.069254
0.057669
0.060639
0.055373
0.057866
0.058216
0.061221
0.055271
0.06254
0.058661
0.063153
0.060782
0.060663
0.05694
0.056927
0.059101
0.058559
0.057893
0.068288
0.067375
0.057394
0.062013
0.0614
0.060119
0.084093
0.061771
0.065208
0.062501
0.06553
0.060536
0.061051
0.060605
0.060074
0.06198
0.064665
0.05801
0.055698
0.066271
0.061833
0.062347
0.064827
0.058991
0.060213
0.057976
0.06603
0.058493
0.059258
0.059516
0.058131
0.060907
0.056801
0.059789
0.061901
0.058351
0.060431
0.057851
0.060256
0.061435
0.056808
0.060937
0.05724
0.064229
0.059714
0.061059
0.05721
0.063108
0.058806
0.058932
0.062269
0.058273
0.058171
0.058766
0.061193
0.059156
0.065365
0.058813
0.060506
0.070152
0.16119
0.066766
0.059866
0.059165
0.059333
0.065993
0.07011
0.060734
0.061109
0.071706
0.067021
0.067135
0.061297
0.059113
0.062578
0.063802
0.062159
0.061634
0.056593
0.062714
0.062186
0.064803
0.05886
0.059775
0.05854
0.062061
0.05891
0.075515
0.058474
0.058558
0.059291
0.062249
0.057786
0.059397
0.057657
0.061566
0.057822
0.064228
0.05843
0.069238
0.064141
0.061565
0.058125
0.061801
0.061051
0.061773
0.059048
0.060266
0.057767
0.064008
0.057935
0.059636
0.058893
0.087625
0.068565
0.065573
0.058701
0.063339
0.057494
0.060178
0.062589
0.064293
0.064282
0.082757
0.06756
0.057072
0.064377
0.060895
0.060221
0.063452
0.058592
0.066575
0.060056
0.064986
0.061504
0.053903
0.056028
0.063828
0.058183
0.061473
0.053889
0.061293
0.065385
0.059674
0.059835
0.061025
0.058555
0.060113
0.055208
0.069149
0.057682
0.064766
0.056955
0.060766
0.064769
0.057029
0.05574
0.062309
0.059862
0.059622
0.061269
0.056872
0.055096
0.061974
0.05738
0.064981
0.061179
0.062562
0.058589
0.059278
0.057837
0.06002
0.058351
0.073424
0.06191
0.067822
0.075644
0.066973
0.070597
0.076819
0.060397
0.076244
0.099201
0.089907
0.065129
0.07746
0.06935
0.069806
0.099682
0.072075
0.065701
0.070246
0.069709
0.067995
0.065765
0.07317
0.067516
0.079327
0.075302
0.067765
0.067285
0.068607
0.066457
0.06679
0.067528
0.068198
0.071789
0.067864
0.067286
0.067098
0.076336
0.069757
0.064475
0.071701
0.063639
0.070538
0.071982
0.062529
0.062714
0.066191
0.063237
0.082969
0.073827
0.073829
0.067317
0.075852
0.072852
0.063914
0.080736
0.072499
0.065573
0.074599
0.06688
0.06443
0.108616
0.076499
0.065031
0.071523
0.069994
0.072401
0.085234
0.073146
0.078923
0.073688
0.072327
0.076051
0.065714
0.069114
0.066753
0.062161
0.075607
0.070372
0.061586
0.073416
0.068065
0.065891
0.067417
0.075472
0.074821
0.068883
0.067101
0.076043
0.066176
0.064101
0.06566
0.064168
0.065778
0.060886
0.080982
0.068478
0.07519
0.061826
0.077901
0.082849
0.0794
0.067918
0.069647
0.064923
0.067676
0.06414
0.063645
0.068612
0.068053
0.063872
0.062291
0.062927
0.12027
0.073943
0.078213
0.061972
0.076306
0.067349
0.066566
0.067255
0.063232
0.066418
0.066459
0.059679
0.079909
0.063272
0.071488
0.068456
0.066951
0.064844
0.066433
0.064086
0.06555
0.064522
0.065247
0.065299
0.078676
0.073476
0.06461
0.068986
0.064968
0.063545
0.063208
0.061798
0.067078
0.060969
0.069235
0.062392
0.063088
0.06526
0.06419
0.063799
0.086025
0.070841
0.067666
0.062923
0.073602
0.067104
0.067923
0.064931
0.102139
0.076909
0.083281
0.065019
0.071373
0.103395
0.06854
0.063903
0.066659
0.109016
0.10697
0.068656
0.07385
0.068943
0.064623
0.062095
0.060285
0.063658
0.061583
0.066491
0.063057
0.07078
0.066002
0.072279
0.064633
0.08469
0.074684
0.067493
0.066125
0.065517
0.067264
0.775225
0.076583
0.071112
0.059734
0.057472
0.056712
0.058503
0.07104
0.074295
0.062645
0.062465
0.110956
0.058359
0.06097
0.05665
0.060312
0.058516
0.057846
0.09258
0.061053
0.056972
0.056453
0.061128
0.057589
0.056214
0.05522
0.061043
0.055652
0.056967
0.057504
0.06222
0.05797
0.056082
0.057943
0.057076
0.057402
0.071314
0.063358
0.057731
0.063274
0.063876
0.059091
0.065934
0.065034
0.061686
0.06513
0.058927
0.058012
0.057981
0.063509
0.062356
0.062373
0.059472
0.057295
0.057426
0.06162
0.069246
0.064838
0.063165
0.05788
0.062666
0.063674
0.0671
0.061988
0.059259
0.058184
0.059072
0.056524
0.061363
0.062477
0.058315
0.056548
0.058729
0.059648
0.058849
0.05805
0.058206
0.058426
0.081607
0.065237
0.059852
0.054861
0.066478
0.075676
0.059765
0.057612
0.062472
0.058729
0.056298
0.056788
0.06148
0.057801
0.056485
0.056435
0.061464
0.054838
0.056316
0.056478
0.060892
0.054804
0.094719
0.083139
0.067665
0.071163
0.071323
0.069112
0.058673
0.059187
0.055542
0.058322
0.059319
0.059709
0.058668
0.058596
0.06333
0.056786
0.058643
0.05806
0.061601
0.05735
0.06098
0.059722
0.05863
0.05693
0.058306
0.066334
0.067944
0.064872
0.062375
0.064167
0.060859
0.056517
0.060636
0.060372
0.057957
0.056448
0.058064
0.063879
0.090878
0.06707
0.06307
0.091537
0.064482
0.063863
0.060399
0.059914
0.062658
0.065554
0.067675
0.062546
0.063238
0.063702
0.057269
0.062128
0.058743
0.056025
0.069289
0.070265
0.066248
0.062424
0.057001
0.060769
0.060509
0.055523
0.059356
0.054949
0.057903
0.067187
0.067038
0.058404
0.06337
0.061856
0.067557
0.060516
0.065097
0.061207
0.065388
0.062138
0.058468
0.058068
0.063127
0.067138
0.05748
0.058966
0.062884
0.059129
0.062663
0.059855
0.064275
0.06486
0.061546
0.066132
0.062221
0.057187
0.061839
0.067614
0.081885
0.065647
0.057955
0.059835
0.058422
0.062676
0.05939
0.061511
0.05852
0.065207
0.060922
0.059848
0.057904
0.058961
0.060306
0.057832
0.066921
0.063403
0.061969
0.058632
0.060046
0.062368
0.060074
0.061792
0.075094
0.06004
0.058035
0.062292
0.061025
0.061489
0.057294
0.058762
0.059924
0.067013
0.058286
0.060731
0.060409
0.064256
0.061766
0.059503
0.060751
0.057341
0.065355
0.059415
0.060073
0.058372
0.061636
0.062587
0.060019
0.060483
0.057933
0.065784
0.059663
0.058903
0.060088
0.065765
0.057694
0.059331
0.06093
0.075564
0.064943
0.061759
0.059824
0.064492
0.06111
0.058649
0.061265
0.06034
0.061532
0.058975
0.05877
0.061315
0.061542
0.058093
0.05832
0.063742
0.061534
0.068157
0.057172
0.059593
0.060834
0.059444
0.064549
0.057971
0.058673
0.060935
0.060825
0.060692
0.056912
0.060548
0.059747
0.060155
0.05973
0.059083
0.057572
0.063706
0.05976
0.060102
0.06272
0.058989
0.06286
0.060287
0.06009
0.059618
0.058112
0.066677
0.064313
0.055674
0.059576
0.065421
0.060016
0.060277
0.060814
0.061644
0.068432
0.060501
0.057344
0.060107
0.058224
0.062531
0.065965
0.061958
0.060687
0.058055
0.058964
0.064525
0.064459
0.059317
0.062409
0.059035
0.062717
0.061807
0.057307
0.061198
0.057265
0.068328
0.061465
0.060999
0.056707
0.06251
0.060517
0.059769
0.060668
0.060092
0.059587
0.060181
0.058904
0.062189
0.056523
0.064188
0.059826
0.05958
0.059839
0.059426
0.059624
0.062289
0.059296
0.061823
0.05991
0.06416
0.062437
0.062067
0.060351
0.05839
0.057957
0.064341
0.064613
0.059289
0.05863
0.062498
0.061576
0.06751
0.061406
0.065194
0.059021
0.056963
0.060425
0.060045
0.058709
0.058614
0.064168
0.058817
0.059258
0.055798
0.058437
0.066671
0.058652
0.055816
0.054742
0.063302
0.062731
0.064197
0.058635
0.060655
0.059276
0.063441
0.05981
0.061217
0.057985
0.061173
0.063117
0.056998
0.059933
0.059983
0.060104
0.059454
0.067569
0.055982
0.06721
0.062952
0.067564
0.060978
0.06411
0.057878
0.056869
0.065375
0.065943
0.068976
0.06193
0.062951
0.066007
0.07056
0.062674
0.059796
0.061287
0.056142
0.060942
0.06046
0.063405
0.065138
0.064603
0.066216
0.056269
0.0604
0.062811
0.062235
0.062355
0.06145
0.060461
0.077828
0.060266
0.05854
0.059035
0.064841
0.062261
0.067407
0.060281
0.058521
0.060465
0.060747
0.062046
0.059157
0.060889
0.057458
0.065513
0.062417
0.059826
0.061311
0.060553
0.07071
0.055516
0.058741
0.058079
0.062748
0.059552
0.061126
0.058943
0.062226
0.059056
0.060271
0.057834
0.059335
0.059487
0.058331
0.06553
0.059214
0.06473
0.060794
0.052726
0.059231
0.061652
0.058628
0.063599
0.056992
0.060937
0.062084
0.064335
0.065835
0.056702
0.061116
0.058223
0.06127
0.064476
0.058637
0.060962
0.058736
0.066004
0.056833
0.059922
0.076496
0.063424
0.061349
0.060559
0.058894
0.064877
0.056551
0.056833
0.059602
0.05666
0.064386
0.064951
0.061732
0.06437
0.061413
0.064031
0.05959
0.061299
0.061463
0.062633
0.061639
0.065504
0.055939
0.058512
0.05833
0.063011
0.059967
0.062929
0.059675
0.058809
0.059817
0.061681
0.059288
0.058207
0.057879
0.060745
0.059066
0.060815
0.058025
0.062172
0.063332
0.062626
0.057828
0.060598
0.059908
0.061755
0.060773
0.058364
0.059339
0.063967
0.060181
0.059647
0.062826
0.055421
0.062407
0.060012
0.057608
0.065569
0.064561
0.0616
0.078403
0.063816
0.060564
0.060685
0.063299
0.059762
0.064132
0.062713
0.059766
0.060496
0.058718
0.064826
0.057216
0.058687
0.058529
0.064642
0.058425
0.058998
0.059425
0.06211
0.059101
0.059651
0.061481
0.059701
0.059618
0.058689
0.062655
0.05872
0.059272
0.057712
0.060043
0.058133
0.059167
0.059561
0.061385
0.059011
0.059891
0.061788
0.059257
0.063636
0.05881
0.060083
0.059634
0.067654
0.058348
0.06083
0.059715
0.05922
0.059689
0.060092
0.059424
0.060616
0.061978
0.059501
0.064197
0.060264
0.061112
0.058872
0.061562
0.058656
0.085709
0.062976
0.062573
0.059481
0.062581
0.061552
0.061042
0.055869
0.065592
0.059116
0.068893
0.060972
0.057954
0.055919
0.060418
0.059494
0.056661
0.059117
0.060094
0.059226
0.056672
0.055767
0.063097
0.05964
0.057921
0.055366
0.059177
0.060486
0.061115
0.068204
0.067438
0.060052
0.064454
0.056011
0.05655
0.057233
0.058033
0.064824
0.058768
0.063931
0.063365
0.057
0.060071
0.06726
0.06522
0.064293
0.058392
0.061162
0.063256
0.063543
0.057695
0.061585
0.056215
0.059237
0.062254
0.062373
0.057471
0.056396
0.06333
0.066277
0.07718
0.06734
0.066716
0.05923
0.062209
0.060498
0.059115
0.060051
0.060787
0.060094
0.058715
0.065314
0.064677
0.064606
0.064124
0.058125
0.059478
0.059727
0.063651
0.059073
0.060565
0.058226
0.061981
0.059847
0.059909
0.059118
0.061845
0.059593
0.058254
0.065639
0.059829
0.064606
0.061269
0.053933
0.066196
0.060962
0.065397
0.058064
0.060721
0.059349
0.064904
0.059971
0.063338
0.056515
0.065447
0.058228
0.058178
0.067592
0.066267
0.060257
0.060629
0.061912
0.062044
0.059931
0.062214
0.056852
0.061681
0.057187
0.067386
0.059673
0.080824
0.066585
0.066551
0.064832
0.059119
0.065777
0.057865
0.063794
0.057769
0.061716
0.0671
0.060769
0.062966
0.066317
0.055394
0.060473
0.05732
0.067022
0.059395
0.05995
0.063368
0.06019
0.057799
0.065318
0.064226
0.064385
0.056772
0.058981
0.063697
0.059927
0.058881
0.062098
0.056895
0.063009
0.062998
0.059729
0.060008
0.062215
0.058764
0.064093
0.060322
0.060273
0.056868
0.062758
0.060092
0.059656
0.060264
0.057005
0.062744
0.059112
0.058659
0.062288
0.058231
0.058466
0.058795
0.062087
0.065286
0.062162
0.059909
0.059106
0.085681
0.079631
0.068821
0.077122
0.069028
0.066028
0.061121
0.056663
0.056842
0.058368
0.059958
0.062127
0.061902
0.056424
0.058601
0.056777
0.057745
0.071193
0.062572
0.064467
0.062507
0.065046
0.063513
0.066064
0.058028
0.066665
0.059781
0.063478
0.063177
0.058258
0.066796
0.058815
0.064877
0.061076
0.054569
0.060772
0.062367
0.061777
0.059186
0.061147
0.058088
0.061989
0.065273
0.059732
0.060336
0.059584
0.062431
0.059541
0.057882
0.064017
0.060237
0.059425
0.058697
0.060293
0.061777
0.061476
0.058475
0.053775
0.062057
0.096607
0.067793
0.061921
0.062555
0.061535
0.06134
0.064537
0.06206
0.058616
0.057994
0.062629
0.059191
0.06178
0.060781
0.063289
0.061587
0.066139
0.056512
0.058855
0.059048
0.063575
0.061214
0.060646
0.058075
0.060862
0.061337
0.059811
0.058143
0.05908
0.059331
0.05967
0.058145
0.064324
0.057908
0.055857
0.063957
0.065315
0.061942
0.057905
0.062246
0.061364
0.065876
0.063162
0.060074
0.058107
0.058811
0.060966
0.064717
0.061529
0.063744
0.059657
0.06276
0.058409
0.059292
0.064143
0.062478
0.06726
0.058582
0.056919
0.08141
0.061385
0.056588
0.056215
0.058493
0.058791
0.055224
0.065829
0.069482
0.064155
0.059485
0.05944
0.058399
0.060191
0.058197
0.05664
0.057114
0.058951
0.059081
0.056675
0.056597
0.062629
0.058913
0.058969
0.058557
0.064199
0.063164
0.064054
0.062873
0.05902
0.058284
0.061573
0.057285
0.056581
0.060461
0.058427
0.056102
0.057256
0.058826
0.066767
0.071303
0.06521
0.060298
0.065188
0.063266
0.056952
0.060867
0.057012
0.058091
0.06665
0.063196
0.062928
0.062472
0.061718
0.059832
0.064197
0.057828
0.057848
0.061106
0.060839
0.063368
0.084406
0.060456
0.061398
0.058558
0.063956
0.060912
0.065095
0.0591
0.05522
0.059774
0.063545
0.064151
0.064999
0.067212
0.06514
0.060261
0.059656
0.064295
0.060064
0.060814
0.061282
0.061358
0.060235
0.059964
0.059742
0.057892
0.060959
0.059026
0.059404
0.0599
0.064069
0.058901
0.058551
0.058012
0.061021
0.059316
0.061103
0.057798
0.062065
0.062355
0.061041
0.061533
0.070865
0.058358
0.064768
0.059443
0.0635
0.061395
0.059135
0.064284
0.064912
0.057749
0.064313
0.059992
0.060481
0.059996
0.062339
0.057659
0.05839
0.087603
0.061468
0.067432
0.05865
0.060698
0.059822
0.065986
0.062739
0.059128
0.058095
0.064383
0.062092
0.064971
0.06254
0.06034
0.061281
0.061128
0.060573
0.05827
0.059275
0.060975
0.062876
0.058661
0.060884
0.057435
0.056112
0.064817
0.065506
0.062033
0.058381
0.062039
0.060147
0.0575
0.060671
0.061425
0.060379
0.06276
0.061723
0.058513
0.058951
0.068221
0.062371
0.060997
0.061054
0.062642
0.061163
0.060854
0.05931
0.058179
0.060483
0.058693
0.059887
0.060661
0.057083
0.06278
0.062175
0.058708
0.061719
0.062968
0.057279
0.079643
0.061863
0.06253
0.05845
0.059527
0.061824
0.061968
0.057199
0.061518
0.060155
0.064242
0.064484
0.061776
0.064927
0.062033
0.063225
0.062832
0.058535
0.059956
0.060033
0.062161
0.058171
0.05767
0.06518
0.061991
0.059935
0.0609
0.05566
0.061005
0.064395
0.059003
0.060797
0.058969
0.05781
0.064371
0.062955
0.06145
0.058251
0.064547
0.065956
0.06457
0.065736
0.059883
0.062523
0.057105
0.066026
0.065098
0.064379
0.059579
0.067583
0.057013
0.060344
0.058318
0.057492
0.067152
0.063266
0.06299
0.062463
0.060986
0.077221
0.062387
0.060545
0.060875
0.056153
0.066911
0.059936
0.0611
0.062632
0.062902
0.059847
0.06399
0.060928
0.072768
0.059804
0.060108
0.062353
0.066249
0.057097
0.061011
0.060643
0.06173
0.060196
0.064194
0.061409
0.058726
0.058594
0.063016
0.059756
0.060472
0.060586
0.061359
0.060721
0.062866
0.059908
0.06311
0.058196
0.057737
0.060574
0.060987
0.064476
0.058948
0.062199
0.058076
0.063009
0.062988
0.058281
0.057408
0.061713
0.06647
0.060143
0.059287
0.061722
0.05992
0.061972
0.059423
0.058713
0.06063
0.061641
0.054128
0.075401
0.062933
0.057759
0.060463
0.059309
0.064029
0.093348
0.065078
0.06129
0.061859
0.05696
0.066665
0.059262
0.05903
0.062043
0.05821
0.058328
0.059053
0.062974
0.062935
0.066024
0.066421
0.05939
0.058575
0.062914
0.060548
0.065131
0.058025
0.057628
0.064075
0.05898
0.061123
0.061223
0.065571
0.06149
0.062794
0.058068
0.063837
0.061251
0.057084
0.058232
0.064958
0.060183
0.06562
0.05851
0.060589
0.065447
0.058464
0.06562
0.059366
0.058665
0.059253
0.058811
0.065535
0.063493
0.062685
0.055459
0.059507
0.064853
0.087722
0.065071
0.06279
0.065167
0.062449
0.058207
0.062411
0.060213
0.057086
0.059337
0.060796
0.062867
0.063394
0.059473
0.056456
0.062483
0.060917
0.059376
0.062479
0.056819
0.063094
0.059289
0.059366
0.061749
0.06142
0.057899
0.061439
0.060639
0.061789
0.057992
0.060283
0.060606
0.05578
0.059961
0.058754
0.061629
0.060808
0.055733
0.061403
0.060085
0.062308
0.068015
0.064635
0.062223
0.062539
0.058608
0.062066
0.067648
0.062993
0.059864
0.060181
0.067591
0.06552
0.059376
0.062023
0.058384
0.062738
0.06996
0.066519
0.079366
0.068197
0.068094
0.062628
0.059291
0.059596
0.057959
0.056679
0.060171
0.070086
0.066798
0.058344
0.059358
0.062077
0.065891
0.061862
0.056728
0.05788
0.059866
0.055519
0.056426
0.064219
0.063031
0.062895
0.057642
0.05752
0.059527
0.0557
0.056136
0.062024
0.058358
0.058705
0.05939
0.062032
0.055683
0.056192
0.060619
0.057649
0.056445
0.065484
0.064899
0.064374
0.06599
0.060685
0.057014
0.05904
0.060025
0.062051
0.061014
0.054776
0.058427
0.062767
0.056516
0.055259
0.060565
0.057536
0.056127
0.055297
0.062725
0.058414
0.058229
0.084265
0.066071
0.07092
0.069626
0.057787
0.057212
0.058439
0.06103
0.057326
0.056358
0.057712
0.058196
0.056432
0.057493
0.062753
0.058403
0.056703
0.056192
0.062869
0.066434
0.070004
0.064706
0.057868
0.056356
0.060867
0.05672
0.056478
0.062109
0.056024
0.05799
0.05636
0.059654
0.057217
0.056735
0.060324
0.068301
0.069842
0.064058
0.06385
0.063663
0.063184
0.06454
0.062545
0.066245
0.058361
0.063231
0.058869
0.062836
0.060613
0.059874
0.058066
0.063702
0.059867
0.06072
0.059539
0.063474
0.059589
0.059863
0.059721
0.061698
0.083626
0.061731
0.063199
0.06401
0.064186
0.061784
0.064672
0.062034
0.065049
0.06083
0.057343
0.062331
0.063147
0.059858
0.058059
0.057411
0.058025
0.063601
0.069474
0.067009
0.066786
0.056708
0.145086
0.07916
0.067604
0.144188
0.508126
0.13047
0.08487
0.07157
0.072777
0.066631
0.080732
0.080681
0.081528
0.080048
0.071683
0.079098
0.074015
0.068979
0.064556
0.083972
0.061792
0.074888
0.081297
0.122517
0.084347
0.083885
0.075052
0.076147
0.067352
0.064665
0.05657
0.056235
0.057247
0.057964
0.055136
0.059935
0.058681
0.056638
0.062155
0.057723
0.063276
0.054851
0.058527
0.063711
0.05696
0.055486
0.058317
0.063512
0.066543
0.060521
0.059545
0.062957
0.06124
0.063199
0.060593
0.061505
0.062951
0.066436
0.057402
0.058812
0.060372
0.063702
0.062796
0.057005
0.058011
0.059958
0.059366
0.063239
0.058114
0.05542
0.061462
0.061702
0.06173
0.061349
0.063628
0.056934
0.065248
0.062992
0.065624
0.065504
0.062725
0.087525
0.063248
0.06211
0.059351
0.059432
0.06229
0.061299
0.058099
0.061098
0.061364
0.060185
0.061573
0.057048
0.061032
0.06019
0.065257
0.064886
0.058892
0.059847
0.056148
0.064556
0.060095
0.06048
0.062956
0.064697
0.060238
0.063885
0.059857
0.05948
0.058618
0.063174
0.064583
0.058194
0.059506
0.060615
0.061708
0.062384
0.057259
0.063052
0.05889
0.063874
0.061555
0.056972
0.06098
0.059424
0.059699
0.0596
0.058192
0.058007
0.065727
0.064759
0.059115
0.058476
0.060937
0.060681
0.059473
0.06151
0.058781
0.057656
0.067182
0.077649
0.062761
0.061783
0.059739
0.060722
0.059186
0.058908
0.06182
0.058104
0.059155
0.059267
0.063006
0.064184
0.064678
0.057512
0.057348
0.061735
0.058718
0.06167
0.060781
0.062276
0.059413
0.062149
0.06377
0.058243
0.060475
0.060899
0.061183
0.065438
0.063515
0.069661
0.063781
0.061643
0.060627
0.062693
0.099052
0.058857
0.056395
0.05521
0.061182
0.060362
0.05752
0.058852
0.057508
0.05707
0.05685
0.061679
0.05549
0.056669
0.058122
0.056332
0.055206
0.059775
0.057985
0.056133
0.055234
0.061949
0.057497
0.06048
0.055717
0.060926
0.078887
0.062701
0.061104
0.061257
0.056499
0.061999
0.057713
0.058435
0.056152
0.058848
0.058158
0.058553
0.055696
0.059061
0.057863
0.058272
0.055938
0.059297
0.05847
0.060431
0.055591
0.059624
0.057664
0.058608
0.056454
0.067017
0.061936
0.058788
0.06506
0.062624
0.06227
0.061573
0.060548
0.059822
0.058754
0.063122
0.059452
0.06451
0.057022
0.063105
0.057406
0.0604
0.058944
0.060877
0.056886
0.063681
0.060298
0.05853
0.062108
0.058025
0.058439
0.060764
0.058868
0.058331
0.061278
0.056128
0.061859
0.061119
0.065024
0.063654
0.059402
0.079184
0.062647
0.060891
0.05842
0.061982
0.059822
0.057717
0.066839
0.067472
0.060344
0.06533
0.063817
0.058088
0.059167
0.062883
0.065973
0.056562
0.055972
0.060687
0.058084
0.056035
0.055461
0.064885
0.059981
0.058462
0.056145
0.058874
0.058244
0.057757
0.056763
0.059396
0.058466
0.058058
0.055892
0.059032
0.057575
0.060601
0.055579
0.061059
0.060639
0.055787
0.054549
0.061709
0.055182
0.058247
0.056487
0.057214
0.061754
0.057482
0.058737
0.055782
0.061583
0.055253
0.059192
0.056438
0.059069
0.065629
0.067725
0.059115
0.056838
0.063322
0.079418
0.062376
0.058746
0.058522
0.060591
0.062006
0.054727
0.058423
0.059688
0.058211
0.055313
0.058868
0.062128
0.058126
0.055953
0.056305
0.058633
0.065298
0.074333
0.065866
0.061723
0.057885
0.061922
0.057997
0.059975
0.067107
0.062151
0.057908
0.05569
0.05738
0.059816
0.054296
0.057074
0.060992
0.056733
0.055423
0.061576
0.057559
0.054997
0.065837
0.068318
0.064362
0.060939
0.058048
0.056777
0.058202
0.058445
0.06475
0.061586
0.064495
0.058726
0.055061
0.059734
0.05835
0.05572
0.058944
0.057666
0.05653
0.058181
0.056243
0.055729
0.063588
0.082804
0.073944
0.063882
0.063037
0.062761
0.055943
0.058255
0.057367
0.066112
0.068417
0.067324
0.063779
0.059072
0.058494
0.057672
0.069475
0.062207
0.064023
0.066127
0.058057
0.062138
0.063031
0.06277
0.056217
0.064083
0.058999
0.061179
0.06317
0.064328
0.057292
0.055893
0.060674
0.058915
0.057246
0.054508
0.060164
0.067974
0.057619
0.059649
0.059309
0.06245
0.061204
0.062266
0.059466
0.05707
0.065444
0.060057
0.055681
0.060407
0.060421
0.05953
0.060319
0.059602
0.060347
0.063682
0.059497
0.060244
0.061824
0.058963
0.07595
0.06758
0.061907
0.05618
0.061271
0.057998
0.063464
0.059657
0.05712
0.059389
0.06326
0.05965
0.05976
0.058766
0.05946
0.061078
0.060421
0.06137
0.056567
0.06273
0.059219
0.059059
0.061735
0.058204
0.059446
0.059277
0.062315
0.05933
0.061393
0.058104
0.05916
0.061413
0.069728
0.066185
0.056782
0.059469
0.059077
0.065239
0.060159
0.057067
0.061142
0.05878
0.063788
0.05971
0.056819
0.059594
0.062545
0.059714
0.059656
0.062674
0.058842
0.062034
0.059853
0.059904
0.05938
0.059235
0.061615
0.060093
0.061573
0.057075
0.062353
0.081815
0.06467
0.057993
0.06045
0.057883
0.064156
0.061702
0.061677
0.057134
0.058295
0.061929
0.056323
0.061249
0.060899
0.061102
0.059746
0.05756
0.060131
0.061045
0.060039
0.059633
0.057107
0.064842
0.0589
0.05847
0.060207
0.061882
0.057865
0.057504
0.059425
0.063646
0.067636
0.065871
0.057691
0.05656
0.060394
0.060917
0.056033
0.056288
0.05824
0.066145
0.07036
0.063289
0.066101
0.061932
0.058041
0.05593
0.063213
0.065605
0.064554
0.062848
0.057815
0.061453
0.058516
0.060069
0.06355
0.060915
0.064101
0.064647
0.056836
0.07908
0.059636
0.057007
0.056156
0.061726
0.058455
0.055865
0.06682
0.070244
0.065502
0.059023
0.057044
0.059767
0.06184
0.054107
0.059232
0.055362
0.057558
0.067546
0.06505
0.059943
0.057129
0.059498
0.064668
0.059909
0.060091
0.059923
0.062417
0.060501
0.065855
0.059759
0.058972
0.064292
0.059932
0.061564
0.061668
0.05879
0.054465
0.060962
0.060784
0.056593
0.060025
0.059754
0.059028
0.06033
0.063783
0.056862
0.062622
0.063516
0.057884
0.06392
0.061525
0.06482
0.060431
0.053569
0.062277
0.05952
0.065741
0.063184
0.058883
0.076722
0.069071
0.064068
0.060998
0.063352
0.057661
0.066682
0.06271
0.060835
0.058665
0.053704
0.058944
0.060577
0.064649
0.072912
0.058246
0.05822
0.056287
0.062774
0.067655
0.065807
0.058165
0.05937
0.064417
0.060174
0.06024
0.062672
0.060917
0.060349
0.059924
0.069203
0.062056
0.060957
0.056694
0.067421
0.059079
0.059077
0.062187
0.058246
0.061596
0.058382
0.060958
0.059663
0.062468
0.061205
0.059879
0.058688
0.066605
0.058138
0.059209
0.058263
0.060409
0.061615
0.057167
0.057516
0.064909
0.061661
0.06024
0.056895
0.060206
0.077681
0.063561
0.057778
0.061799
0.058908
0.068267
0.057945
0.057486
0.062506
0.06087
0.064717
0.059303
0.061872
0.056737
0.059452
0.059999
0.0601
0.056558
0.059654
0.062696
0.060307
0.060383
0.057844
0.057708
0.065213
0.064156
0.059238
0.061614
0.057542
0.065546
0.055963
0.05692
0.059994
0.056418
0.067298
0.068291
0.060436
0.056122
0.064066
0.065547
0.060494
0.056928
0.060958
0.061386
0.070617
0.061416
0.062293
0.060054
0.060179
0.061545
0.064289
0.056957
0.063987
0.057834
0.061843
0.062602
0.059406
0.057607
0.06033
0.057879
0.076701
0.066937
0.065804
0.059171
0.060498
0.058013
0.062476
0.061462
0.061983
0.056633
0.061816
0.061101
0.057098
0.062076
0.065763
0.056328
0.065241
0.059561
0.052388
0.059259
0.062012
0.065641
0.063681
0.057209
0.059656
0.058122
0.062046
0.056584
0.06125
0.058037
0.061727
0.059472
0.057803
0.059668
0.058563
0.059907
0.060299
0.061139
0.064206
0.056741
0.059841
0.059484
0.064583
0.065934
0.057374
0.061335
0.05624
0.061935
0.062157
0.06148
0.057501
0.056509
0.063698
0.065847
0.060316
0.059001
0.057929
0.064295
0.059371
0.056665
0.074572
0.061321
0.062714
0.061075
0.064068
0.065668
0.056284
0.056353
0.059829
0.063157
0.05685
0.055262
0.061934
0.056469
0.056756
0.056722
0.056084
0.056204
0.061985
0.056546
0.0567
0.065699
0.056199
0.056379
0.057045
0.061041
0.066758
0.072334
0.06373
0.064564
0.064172
0.062903
0.056693
0.060238
0.061108
0.0581
0.056397
0.058634
0.060479
0.056824
0.055991
0.057307
0.06351
0.071334
0.062546
0.063033
0.061798
0.056871
0.060949
0.056407
0.055439
0.058965
0.059581
0.059453
0.057025
0.058219
0.057599
0.056296
0.067236
0.068197
0.063575
0.072078
0.06553
0.064554
0.062815
0.056851
0.064607
0.066265
0.06152
0.061034
0.063471
0.057664
0.057118
0.060118
0.063165
0.070703
0.059874
0.059345
0.054572
0.059278
0.06568
0.072127
0.058729
0.060484
0.06227
0.059902
0.066614
0.057355
0.062447
0.060865
0.06418
0.064077
0.058191
0.058072
0.065591
0.064328
0.063559
0.059172
0.060507
0.059712
0.055713
0.063921
0.065281
0.061937
0.058491
0.061283
0.061293
0.063444
0.064831
0.06295
0.063729
0.064111
0.057268
0.057898
0.063099
0.059327
0.058865
0.067052
0.06287
0.06369
0.074346
0.07017
0.059612
0.060259
0.062812
0.06052
0.066229
0.055853
0.061474
0.058934
0.062406
0.065642
0.062903
0.065357
0.059015
0.060463
0.058442
0.05977
0.058896
0.059111
0.061959
0.06276
